100
1300
77
111
65
1
1
53
233
333

stations
4
22
3
23
2
22
2
20
0
20
0
17
4
17
4
15
5
15
7
14
8
14
8
16
10
15
13
15
13
16
13
23
15
24
15
23
17
23
20
23
19
23
19
22
22
22
23
22
24
22
24
20
22
20
17
19
16
19
15
18
15
14
14
11
14
6
15
6
15
1
20
1
22
0
22
3
21
4
19
7
12
7
12
6
9
6
8
6
7
5
7
3
8
3
9
1
8
0
6
2
6
1
5
0
2
0
3
1
3
2
2
3
0
4
5
4
4
7
4
9
1
12
7
12
11
17
9
19
7
20
8
20
9
20
9
21
10
23
11
22
16
16
18
15
19
14
19
16
20
16
23
18
23
15
23
13
22
13
21
11
21
10
21
9
20
9
20
8
23
7
23
5
23
3
24
3
24
4
24
6
24
7
24
10
22
9
15
9
15
10
9
9
8
9
6
8
5
11
6
13
5
17
4
22
4
23
FIN