100
1300
67
97
65
1
1
17
203
291

stations
19
16
17
18
20
18
21
17
22
18
23
19
22
21
22
22
21
22
19
24
18
23
17
22
17
23
14
23
15
21
16
21
16
20
15
20
15
19
14
19
13
18
13
16
15
15
14
13
13
12
14
10
16
7
19
6
20
5
21
5
21
8
20
10
23
11
24
11
24
7
24
5
24
3
23
2
22
5
23
7
23
13
21
12
15
12
11
11
11
9
10
10
9
10
8
10
7
12
6
13
6
11
6
10
6
9
6
8
7
7
6
5
4
7
3
8
2
7
2
8
2
9
0
9
1
9
1
11
1
10
1
5
1
2
2
2
5
0
10
0
9
1
11
2
11
1
14
1
16
0
17
0
19
1
20
1
20
2
20
4
18
3
13
4
13
6
12
6
12
7
8
14
8
15
6
15
6
16
6
18
5
18
0
19
2
19
3
19
6
20
7
22
8
23
9
24
9
23
10
15
18
15
19
16
19
17
FIN