100
1300
58
83
65
1
1
9
232
332

stations
13
11
14
11
15
11
16
10
16
7
19
8
18
9
15
9
13
10
19
12
20
12
24
11
23
9
20
6
22
5
24
4
24
0
23
0
21
0
21
3
16
4
14
6
12
6
10
4
11
3
10
2
7
0
7
5
6
7
10
9
10
11
11
13
11
14
9
16
8
16
8
17
9
18
9
23
9
24
7
24
6
22
4
22
4
19
1
19
0
18
1
17
2
16
2
21
1
22
0
24
4
24
5
20
5
16
10
13
9
12
8
13
6
13
4
13
1
13
2
11
1
10
0
10
0
9
0
8
0
6
0
3
0
1
1
1
2
3
4
3
4
4
4
6
3
5
3
9
4
10
7
10
11
10
12
14
16
17
21
14
22
16
24
15
24
18
21
19
20
20
18
19
17
21
16
22
17
23
20
23
23
23
23
22
22
22
18
24
14
24
13
24
13
21
12
21
11
21
11
20
11
16
13
11
13
12
FIN