100
1300
51
73
65
1
1
26
153
219

stations
20
24
18
24
18
21
19
22
20
22
20
20
17
18
16
22
14
22
14
24
9
24
8
24
10
22
10
20
12
20
12
15
15
12
15
13
17
15
21
15
24
19
24
17
24
15
23
15
23
11
22
12
20
14
19
14
17
11
17
10
19
9
21
8
22
7
23
5
23
4
18
4
15
4
15
6
14
6
12
10
12
5
12
4
14
2
14
0
16
0
15
0
15
1
15
2
19
2
22
2
21
2
21
4
19
7
18
8
18
9
15
9
10
10
4
11
4
10
1
8
0
9
0
8
0
6
1
4
2
3
4
3
4
2
1
1
1
3
3
5
5
6
5
4
8
4
9
2
10
1
10
0
12
0
13
0
13
1
13
2
13
7
11
13
11
14
10
16
6
16
5
15
4
16
2
14
2
12
4
13
7
13
9
19
9
20
6
24
5
22
3
23
2
23
1
21
6
19
8
18
14
16
20
24
20
25
FIN