100
1300
85
122
65
1
1
42
256
366

stations
4
4
2
6
2
8
3
7
4
9
2
11
4
13
5
14
5
13
7
13
8
13
8
14
9
16
9
13
9
12
11
12
10
11
14
11
14
10
18
12
17
14
19
14
19
16
16
18
16
17
14
19
14
22
15
24
19
22
23
22
22
20
24
19
24
18
23
15
22
13
23
11
22
10
24
9
21
10
21
12
19
8
22
7
23
5
22
5
24
4
24
2
23
1
22
0
21
3
22
3
18
4
16
3
14
2
12
1
10
1
7
1
6
0
5
0
5
2
2
3
2
1
5
4
7
7
8
7
8
9
6
10
9
6
9
5
8
4
1
7
0
7
0
10
0
6
2
0
7
12
4
16
2
18
0
18
3
19
3
20
4
19
5
21
6
22
4
21
2
24
8
24
11
23
11
21
10
21
13
19
10
20
12
18
11
14
15
15
21
15
16
9
18
7
16
5
14
23
13
1
7
23
4
4
4
5
FIN