100
1300
55
79
65
1
1
22
165
237

stations
20
15
22
15
22
17
24
19
23
19
22
20
21
21
22
23
20
23
19
24
19
22
17
22
14
21
15
21
18
20
19
20
21
18
21
19
16
19
16
17
15
16
12
16
10
16
11
17
13
17
12
17
12
19
11
20
12
24
9
24
9
22
8
21
7
23
6
23
4
22
0
23
1
19
3
20
4
17
7
17
6
18
8
18
8
15
9
11
9
10
9
9
8
6
8
3
10
3
13
1
15
0
18
0
18
2
18
3
15
4
16
4
16
7
17
8
17
10
19
10
20
10
21
9
22
9
22
12
18
13
17
13
13
13
8
13
6
14
5
14
4
14
2
14
2
12
1
11
2
10
3
9
2
9
2
8
1
8
0
7
0
6
0
5
1
5
1
3
1
1
5
2
3
4
4
6
6
5
7
5
10
7
14
9
18
6
21
6
23
2
24
4
22
4
19
9
18
11
17
12
19
15
20
15
20
16
FIN