100
1300
49
71
65
1
1
7
198
284

stations
8
5
8
4
10
5
11
6
10
6
10
3
8
2
7
1
7
3
6
4
3
4
3
6
5
6
5
9
6
9
9
12
10
12
10
13
11
13
12
4
13
3
13
2
16
1
20
0
21
0
23
0
22
3
24
3
24
5
21
5
20
5
19
5
22
10
21
11
21
9
20
9
20
10
17
12
13
13
16
13
16
14
17
19
17
21
19
22
19
23
20
24
21
22
22
21
22
19
24
18
24
17
24
15
23
15
22
16
20
17
19
16
19
13
17
10
16
8
16
5
14
7
12
13
12
14
11
15
9
16
10
16
10
18
8
18
8
19
8
21
10
22
9
24
11
24
13
24
11
21
12
17
7
13
5
13
4
13
3
13
1
13
1
16
4
17
3
18
2
19
0
18
0
15
0
9
1
7
1
5
1
4
1
3
1
2
1
0
3
1
4
5
6
5
8
8
11
11
10
8
10
7
8
5
8
6
FIN