100
1300
48
69
65
1
1
24
144
207

stations
5
22
4
22
4
24
3
24
2
23
0
23
2
18
1
19
0
19
0
20
3
20
4
20
5
19
6
19
8
19
11
18
9
17
9
16
9
15
11
13
12
13
16
10
17
10
20
10
21
10
21
9
22
8
21
6
21
7
22
7
22
6
23
6
24
5
24
4
23
4
22
4
22
3
21
1
21
0
23
0
21
2
19
2
18
0
18
3
18
4
18
5
17
5
16
5
16
7
15
9
12
8
13
7
13
2
14
3
14
1
14
0
11
0
9
1
8
1
8
3
18
13
20
14
22
11
22
12
22
16
24
17
23
18
21
24
19
24
18
24
15
24
16
22
17
21
17
16
16
15
15
15
15
18
14
18
14
17
10
12
8
12
3
14
2
13
1
12
2
12
2
11
0
7
2
7
6
7
6
6
6
0
5
1
2
1
2
2
3
3
6
8
9
10
8
15
5
17
7
18
7
22
5
22
5
23
FIN