100
1300
55
79
65
1
1
21
165
237

stations
2
5
2
7
0
9
0
12
0
13
0
16
1
15
1
18
3
17
5
17
5
15
6
14
8
12
15
10
21
10
24
8
23
11
24
11
24
12
24
14
23
15
21
15
24
18
21
20
21
21
23
23
22
23
18
24
17
23
16
23
16
22
14
20
14
19
14
18
13
17
12
18
11
17
11
16
10
14
9
15
9
18
9
20
7
18
3
19
0
22
4
21
4
22
5
22
6
22
9
24
11
23
13
21
13
19
17
19
18
18
18
16
18
14
15
15
13
13
17
12
19
13
19
11
19
8
19
3
18
3
18
2
18
1
18
0
22
0
23
1
20
3
20
2
16
1
15
1
13
0
15
5
14
6
16
7
13
8
12
9
10
10
10
8
8
8
7
6
6
7
4
5
2
3
1
4
1
0
3
2
4
2
4
1
7
0
9
4
11
4
11
7
11
11
9
11
7
10
6
11
4
11
2
5
2
6
FIN