100
8000
100
430
10
1
1
20
100
950
 
stations
37
10
53
36
50
30
14
51
9
39
25
21
3
56
25
34
58
29
46
6
38
58
27
41
10
34
48
10
18
1
40
17
21
55
29
56
64
43
34
47
4
53
17
24
22
12
27
14
44
27
59
24
14
4
48
12
32
6
12
23
4
29
55
45
62
6
14
6
9
48
38
45
19
43
48
35
21
3
16
38
26
56
64
57
40
15
21
20
33
7
64
33
64
50
21
47
29
47
45
58
5
32
37
39
15
35
48
50
31
35
54
49
13
48
15
30
18
2
52
16
57
26
3
38
43
54
51
45
58
55
40
59
34
44
7
27
17
12
37
51
14
48
60
54
59
29
16
57
44
46
14
47
22
51
23
7
52
23
61
58
64
6
54
52
62
2
38
30
62
16
10
11
10
7
21
8
0
25
13
8
33
35
37
48
40
26
59
34
10
46
57
32
38
9
33
3
30
51
7
5
42
21
FIN
