285
171
143
172
137
194
185
194
270
259
228
303
276
295
121
208
185
193
174
235
185
177
274
231
301
122
107
193
273
181
125
220
139
199
173
185
232
113
295
136
265
295
125
190
287
131
209
263
306
282
309
189
168
239
145
121
260
103
197
138
269
125
112
260
114
119
208
155
202
281
202
272
128
248
236
107
238
145
145
170
137
91
165
216
190
282
265
97
124
182
282
165
242
204
109
300
154
259
190
217
118
162
297
258
281
287
280
190
298
251
127
288
229
140
260
227
290
219
130
103
282
304
304
219
295
202
222
123
235
179
96
220
308
212
110
165
94
101
202
289
154
199
131
146
174
213
314
136
252
216
100
146
136
123
240
276
212
223
233
121
206
144
157
139
268
151
191
290
183
144
170
121
166
255
295
295
268
287
273
108
309
187
215
106
173
97
258
183
289
115
247
112
170
288
223
175
167
115
101
288
266
202
192
177
311
169
306
296
232
240
239
249
276
299
98
248
241
168
205
236
279
110
144
133
231
140
236
272
236
176
264
104
129
250
243
206
244
143
235
124
169
274
254
151
225
304
111
132
188
218
187
92
157
217
124
131
206
285
269
117
292
118
144
193
195
135
205
123
197
280
251
205
247
171
260
109
261
209
100
181
215
222
146
303
188
218
290
143
166
153
170
230
182
142
132
308
217
155
212
158
146
108
202
96
251
197
266
196
199
152
298
148
170
220
123
172
186
250
108
244
247
170
299
236
170
254
301
169
106
157
145
255
132
179
192
159
92
134
151
196
111
204
104
200
283
188
222
156
129
258
96
216
234
311
280
175
200
207
212
231
254
245
172
103
163
149
101
242
130
248
149
308
165
117
232
186
148
165
195
103
281
216
231
291
166
231
216
310
217
138
127
119
222
139
108
190
277
218
256
288
246
258
234
284
114
251
240
241
284
193
305
275
296
294
233
222
147
196
180
106
164
182
214
96
176
167
123
299
228
106
314
242
255
171
127
197
253
294
105
150
124
152
113
267
184
306
237
273
218
245
276
243
305
250
291
171
255
177
287
215
247
141
123
144
101
93
188
119
175
158
155
241
282
304
108
213
113
102
189
163
225
258
96
280
136
160
108
287
304
209
97
202
150
267
235
129
176
95
233
153
207
108
142
265
257
306
168
122
281
201
191
93
179
115
192
193
274
207
154
261
205
239
233
298
234
140
210
269
233
121
270
276
293
278
266
199
278
262
205
161
314
195
188
134
309
144
91
311
247
270
117
132
221
243
222
130
186
153
183
221
119
115
274
176
153
261
214
146
195
116
165
275
155
92
156
135
113
161
219
194
125
263
133
133
232
198
234
152
143
184
227
313
99
213
94
211
212
258
283
243
271
133
278
311
229
220
199
200
110
238
102
137
174
289
274
176
311
270
179
149
143
307
126
136
212
295
122
264
189
307
97
241
98
95
297
182
255
203
132
144
181
127
197
181
209
260
259
236
241
149
226
96
228
240
272
147
114
178
142
149
252
226
272
117
165
268
231
119
241
145
188
167
172
124
255
205
111
280
226
98
158
161
159
130
117
313
97
193
261
124
162
195
154
277
208
167
127
114
149
291
99
182
183
278
253
110
94
122
110
166
213
153
263
124
178
226
267
212
217
155
214
174
157
249
286
278
232
174
120
123
286
162
126
290
189
261
272
155
136
164
120
244
165
154
147
204
130
265
301
171
287
297
172
113
296
192
304
268
226
242
217
142
136
219
201
189
214
219
203
140
198
114
309
107
185
204
138
219
249
126
195
133
220
146
271
235
107
95
184
255
228
253
265
274
189
247
172
176
202
193
2
10
6
4
10
1
1
8
5
4
7
6
10
8
4
6
10
6
4
3
5
10
3
10
4
9
5
5
2
5
6
9
9
8
4
7
7
7
9
4
1
1
7
3
3
10
1
9
8
4
3
9
4
3
9
2
6
6
9
2
4
5
5
6
8
7
4
3
6
7
2
7
2
4
7
8
2
5
10
6
7
5
9
4
8
9
3
5
2
7
10
7
1
9
5
8
3
1
5
3
4
5
4
2
4
1
4
5
5
3
7
4
10
8
4
10
4
6
4
3
3
4
2
5
7
7
8
6
9
5
2
6
2
1
1
2
8
6
4
6
3
6
8
3
2
9
10
4
8
7
3
1
8
9
1
10
8
9
2
2
3
4
3
8
4
7
10
8
5
5
1
4
9
4
10
5
7
1
8
3
8
10
6
3
6
8
2
1
5
4
8
1
2
8
10
8
8
8
1
3
2
6
8
6
10
1
3
1
1
8
1
2
1
8
5
2
5
7
1
8
1
9
1
2
4
2
7
2
1
1
8
4
2
1
7
8
4
6
9
1
5
3
1
10
2
9
8
8
5
6
4
1
9
8
9
2
2
2
7
3
9
10
2
2
9
6
8
10
3
5
3
4
6
8
8
8
10
8
9
7
1
2
9
7
1
6
6
6
2
4
10
7
10
6
7
4
5
2
2
7
1
5
6
6
1
1
10
3
1
5
8
5
4
7
9
3
4
3
6
10
9
10
10
7
10
3
7
10
5
3
2
1
5
9
2
7
3
9
5
6
7
6
3
2
8
3
7
7
2
9
10
9
6
9
2
6
4
7
5
1
2
5
1
1
4
9
7
8
4
8
9
9
2
5
8
7
10
4
3
1
6
8
10
1
5
1
9
3
1
4
4
8
2
8
10
10
7
7
3
2
6
1
8
3
4
4
5
7
3
6
1
4
1
4
4
5
5
3
3
1
9
2
10
10
4
6
2
3
1
8
5
5
6
10
2
8
9
5
5
7
7
9
5
6
9
5
9
7
10
8
2
6
7
2
7
4
3
7
2
1
2
1
9
5
9
8
1
2
10
8
1
5
1
7
6
10
9
6
5
8
7
4
7
1
10
6
3
1
9
3
1
1
8
2
7
1
7
9
3
4
6
8
4
4
2
5
9
8
3
7
7
9
9
9
6
10
6
7
7
4
6
9
4
6
3
2
8
9
5
1
7
1
10
5
10
9
6
2
1
2
8
9
2
9
2
3
3
10
8
10
1
3
9
1
5
4
5
3
6
4
8
3
8
9
2
9
9
9
2
4
9
2
3
3
3
3
9
6
2
9
2
9
7
5
8
3
10
8
3
7
4
9
4
2
4
5
3
2
6
9
10
2
4
2
4
3
4
9
1
5
2
10
9
6
2
3
3
7
1
3
2
8
6
1
10
10
7
9
1
8
7
9
3
8
9
3
4
7
5
10
4
9
6
8
6
7
4
2
8
9
5
8
4
2
10
9
3
2
4
8
7
3
4
8
10
6
9
2
10
8
8
5
8
8
4
5
7
6
8
9
10
3
5
8
10
9
9
6
9
10
5
4
8
3
10
4
7
10
9
7
2
7
9
3
4
9
10
2
3
3
3
9
9
1
1
2
9
7
7
1
10
1
4
8
2
4
4
10
5
7
5
9
3
4
2
9
10
10
4
1
6
2
6
1
8
9
3
9
7
7
5
8
9
3
9
1
10
1
6
6
4
3
3
4
4
8
3
4
4
3
9
3
7
2
3
4
2
3
5
6
9
9
7
2
3
5
9
10
4
2
8
3
1
1
10
6
1
5
5
1
