9
10
9
11
5
5
5
8
13
12
11
9
13
8
5
13
11
5
5
10
5
11
10
6
7
7
13
9
10
9
8
12
5
12
12
7
6
10
5
13
9
10
5
5
13
7
11
5
9
12
9
12
12
11
10
11
9
11
8
8
11
6
13
11
5
9
8
12
12
10
10
9
10
13
6
7
10
6
9
8
9
8
4
4
2
1
9
2
1
10
3
5
10
2
6
8
4
4
5
3
3
1
2
3
8
8
1
3
5
2
1
4
8
4
10
6
10
8
3
1
3
9
7
8
1
9
2
9
4
1
4
7
3
1
3
9
5
2
9
4
8
6
9
2
8
1
5
9
9
2
4
7
8
9
10
6
6
6
7
7
