145
123
202
149
143
94
151
216
218
202
112
152
122
197
83
225
97
217
116
121
200
104
184
187
111
113
156
123
141
185
157
161
233
88
78
145
146
241
159
116
228
169
113
139
229
198
232
244
91
104
199
202
155
148
102
216
141
230
161
121
216
116
169
150
94
173
216
87
206
229
164
166
95
118
193
128
153
165
167
95
84
168
95
106
240
135
186
158
108
132
97
76
81
178
106
99
216
159
191
171
73
227
86
165
80
200
77
137
220
177
227
152
76
136
173
80
201
78
242
219
164
172
171
242
146
212
114
118
225
126
236
165
133
153
191
201
231
232
225
197
217
127
184
199
199
149
195
210
125
142
127
74
78
203
220
205
104
212
102
137
234
105
219
197
227
72
110
179
92
90
136
193
216
228
150
195
78
186
123
153
200
188
170
207
207
78
105
96
222
157
217
136
193
193
90
197
76
155
111
235
207
76
215
97
151
159
186
146
225
118
76
103
137
224
236
226
121
188
74
121
231
232
202
151
76
151
242
226
80
197
234
201
87
141
80
186
185
212
181
229
182
170
135
171
156
243
133
81
156
228
109
113
76
140
205
212
211
210
105
200
163
93
173
145
83
199
140
126
228
198
141
210
204
117
128
133
233
158
195
182
142
145
169
213
217
88
90
108
197
147
189
113
177
127
145
241
92
221
75
133
241
195
189
198
212
89
146
144
213
208
115
237
159
179
125
121
230
87
127
91
169
97
108
161
137
90
80
191
81
194
242
147
228
88
220
175
150
223
74
89
166
98
116
123
71
173
229
203
199
130
178
231
99
201
139
152
107
108
199
164
215
167
148
198
123
95
240
127
142
88
240
227
202
139
129
230
104
209
182
203
82
71
169
128
101
94
133
96
187
114
85
196
207
143
151
220
77
115
210
142
106
73
185
199
128
170
86
137
156
211
125
189
228
153
146
76
239
108
138
81
240
76
197
96
192
76
172
113
174
209
199
76
146
111
182
137
92
176
157
107
141
106
108
186
218
190
207
130
190
240
182
223
111
115
237
127
151
219
165
92
78
181
225
242
147
203
183
80
222
124
222
170
99
239
101
130
147
213
228
103
111
205
149
195
222
160
145
195
138
194
229
161
76
224
75
134
132
186
173
146
117
196
101
118
97
93
163
152
149
170
198
215
238
134
177
155
99
237
93
210
219
217
89
231
156
220
116
227
79
196
166
188
173
87
200
81
206
203
148
178
180
168
224
217
235
112
98
175
194
177
81
241
74
215
137
241
174
88
198
123
102
202
95
202
135
170
230
193
120
187
176
159
229
228
129
79
138
224
178
227
243
196
167
183
96
73
220
93
91
80
225
229
97
183
205
203
201
156
138
225
119
77
105
119
227
188
139
119
225
167
185
141
148
199
180
214
114
206
153
175
86
129
168
77
145
242
144
174
89
148
97
234
156
207
114
117
201
145
192
71
157
167
215
107
145
194
129
99
204
223
188
203
213
100
112
119
179
206
223
235
88
166
235
106
201
100
129
169
227
127
175
123
131
165
164
179
226
218
75
182
168
152
94
211
102
178
86
223
199
138
146
183
240
97
207
234
180
168
215
142
187
138
201
171
243
173
182
132
135
122
146
161
174
199
180
78
129
244
121
84
111
167
172
72
110
213
86
198
154
189
181
104
135
219
221
106
147
213
169
118
130
77
176
188
115
237
98
228
134
96
191
190
181
149
242
97
126
71
168
150
137
241
100
146
105
104
232
214
86
80
166
198
220
124
240
185
190
202
111
125
173
213
100
224
226
227
95
236
230
195
237
124
225
117
130
86
237
201
74
88
150
105
74
222
116
109
173
124
212
155
102
243
120
179
117
205
202
217
139
94
127
212
194
204
119
147
117
239
191
202
213
179
213
156
172
239
150
149
226
145
120
111
105
208
122
143
221
149
191
168
234
224
201
147
228
239
115
148
223
184
142
244
200
121
164
235
132
203
236
218
242
90
107
209
242
190
86
233
104
126
234
142
96
217
186
109
185
125
240
230
180
222
73
97
104
186
139
235
118
153
163
165
125
150
88
188
202
213
135
146
215
78
220
208
223
208
209
195
84
165
188
112
154
92
134
146
111
226
235
168
97
91
107
160
187
97
114
148
226
205
207
145
135
125
221
215
223
183
216
133
182
134
189
101
116
204
107
239
181
97
104
121
240
218
240
240
105
110
76
196
178
234
167
124
196
142
155
75
75
209
189
208
152
202
10
10
3
1
9
7
3
4
4
6
2
4
5
10
8
8
4
4
1
1
3
8
9
6
1
3
8
6
7
10
2
5
3
4
4
5
4
9
1
9
8
7
1
8
10
8
8
2
8
2
10
6
7
9
6
3
1
7
5
2
2
5
4
1
6
10
3
6
6
4
3
9
6
9
3
8
3
6
4
1
4
7
2
3
10
8
4
6
5
10
10
8
3
6
3
6
8
9
1
8
6
5
7
4
10
7
4
6
9
7
7
1
7
4
7
10
4
5
8
7
5
6
1
5
10
8
4
7
5
9
2
3
2
3
4
9
5
3
10
8
8
9
3
3
2
10
5
3
9
7
8
2
6
4
7
4
7
2
10
2
1
9
7
9
2
7
5
2
7
9
7
2
9
3
10
4
1
6
1
10
1
5
5
1
4
9
1
6
1
1
9
6
5
6
1
10
7
7
8
4
2
6
7
6
4
8
1
6
4
4
10
7
5
8
6
6
5
10
10
7
2
5
2
7
4
7
2
8
7
8
4
3
3
4
10
8
9
1
9
10
3
4
5
5
10
5
5
2
3
8
2
1
3
2
10
2
4
9
1
8
9
1
8
6
2
2
2
5
7
7
5
6
1
9
2
2
6
10
4
7
6
7
2
9
8
6
3
1
5
3
10
6
9
7
10
5
8
9
2
3
8
7
4
8
1
5
2
9
9
6
9
4
3
2
9
5
9
8
5
2
1
6
10
1
3
7
5
7
4
10
1
4
4
8
2
7
8
3
10
4
7
3
3
10
7
1
5
2
9
10
5
10
4
10
6
2
6
10
3
10
1
2
2
6
2
3
3
3
1
6
8
2
9
7
6
7
5
10
9
3
6
4
10
7
8
6
2
1
6
5
7
2
5
3
9
5
7
8
8
7
9
5
6
8
6
3
6
7
9
2
3
1
8
2
2
10
9
4
1
10
6
8
2
7
3
6
6
5
2
10
4
5
1
3
7
2
4
4
3
4
3
2
1
1
2
9
8
3
9
5
4
6
8
4
8
1
2
1
2
10
7
4
9
2
4
6
4
1
7
5
2
2
6
6
6
9
4
5
5
9
4
9
7
8
4
1
4
4
6
5
4
9
4
7
8
2
3
5
4
1
1
7
5
4
6
10
6
4
10
7
5
4
8
4
9
2
7
5
7
10
7
8
10
2
7
4
2
5
2
4
5
2
10
4
10
9
3
1
7
4
1
3
1
10
6
4
10
1
1
5
9
4
8
9
7
6
8
6
1
1
7
5
1
1
1
4
7
9
6
2
5
5
6
6
8
4
3
10
7
7
8
6
4
6
5
1
2
8
2
6
4
2
4
9
10
4
7
8
3
5
4
3
1
5
1
1
6
7
5
2
1
4
3
10
3
6
2
10
1
8
9
6
6
1
6
5
4
7
8
4
1
9
7
1
8
2
2
3
10
7
8
8
8
2
8
7
3
6
2
5
3
4
9
7
1
9
2
2
1
10
6
1
2
9
6
10
9
10
5
3
1
9
1
2
5
1
9
8
7
8
2
2
7
10
2
8
8
8
6
7
9
7
4
4
6
7
8
4
2
7
6
2
7
7
6
1
1
5
9
9
2
8
1
8
1
8
3
8
10
1
10
10
8
7
4
2
1
7
8
1
1
3
5
1
1
8
5
3
2
2
4
1
8
2
9
9
10
5
7
2
1
10
6
1
8
6
8
6
2
4
4
2
9
8
8
4
5
8
9
6
10
3
7
10
3
8
4
6
7
5
10
1
5
5
3
3
8
9
9
2
10
10
7
3
3
7
4
4
4
8
4
8
9
8
8
2
4
7
4
4
4
9
8
8
7
10
10
2
5
2
9
3
8
10
1
5
9
10
8
10
9
7
10
10
5
3
9
2
8
7
5
4
6
3
5
8
6
5
4
9
8
8
3
1
4
7
8
2
6
5
3
1
8
7
10
8
6
10
7
5
3
4
2
9
1
2
9
6
3
10
2
1
5
3
3
8
2
5
7
1
3
8
5
2
2
3
10
9
6
7
8
1
4
8
5
10
4
4
7
8
8
8
7
1
10
3
5
3
2
4
4
9
10
9
4
8
1
1
1
1
7
10
9
8
6
9
2
2
6
2
4
9
10
1
4
8
4
6
2
7
8
2
9
5
10
6
9
4
2
6
1
7
1
1
8
1
7
1
1
9
7
2
8
6
8
6
4
6
10
3
2
8
6
1
