80
87
49
38
38
85
83
93
101
47
83
49
83
104
93
61
59
55
33
80
66
83
34
55
67
39
36
35
100
78
33
72
77
89
68
60
91
75
72
101
64
68
102
34
100
66
72
42
81
33
47
64
54
43
97
87
57
104
43
104
70
67
82
31
59
66
63
85
88
70
70
59
94
62
73
58
69
45
52
70
71
78
100
71
46
90
49
104
54
98
71
62
70
48
36
62
33
60
81
74
98
104
97
44
88
72
34
75
49
59
37
49
91
65
37
97
40
102
86
93
39
63
46
79
48
32
66
54
59
64
91
62
79
47
63
89
42
66
81
42
62
82
62
44
94
76
87
71
56
43
58
61
92
52
57
73
73
53
70
47
56
50
81
46
53
88
43
39
89
33
43
65
93
64
101
84
97
80
64
85
31
48
54
31
92
51
74
86
71
41
38
98
35
31
75
38
51
73
65
52
88
33
73
89
101
87
82
49
92
43
48
70
88
85
74
88
84
59
33
103
83
79
89
90
60
76
88
37
79
78
69
95
67
62
89
95
54
47
80
44
67
75
42
81
88
74
100
83
51
71
51
67
91
86
63
70
40
53
100
31
89
57
37
66
92
52
91
92
31
78
52
31
87
88
95
86
31
63
99
63
95
90
34
73
76
80
78
45
36
52
93
58
87
64
98
59
56
79
71
51
99
37
89
47
77
50
32
68
74
80
83
78
32
55
51
69
77
102
103
84
42
96
61
79
84
87
41
47
50
35
57
77
52
90
39
58
58
41
61
45
97
45
60
75
55
52
38
36
72
58
78
36
45
70
101
35
82
38
38
87
57
48
95
71
63
87
62
93
69
50
34
39
34
66
55
94
65
54
31
47
100
38
31
49
82
80
88
100
32
73
53
41
31
45
83
101
70
52
70
49
100
73
57
41
103
55
45
47
45
90
67
59
76
42
45
66
77
31
102
100
67
50
64
41
56
38
34
102
52
91
41
94
41
73
96
49
57
67
84
35
73
40
78
47
83
78
103
77
67
47
91
54
48
58
62
62
58
80
79
73
64
86
90
70
43
41
63
61
98
46
42
95
86
41
54
47
93
32
81
64
32
100
43
60
45
47
55
64
87
72
67
73
82
61
63
92
39
31
100
95
66
67
89
69
84
65
88
54
82
38
91
64
83
52
67
83
66
98
103
84
37
70
98
63
101
94
88
84
43
55
72
64
60
55
95
55
64
34
65
66
67
104
37
64
63
57
46
92
93
36
65
31
92
84
94
92
65
67
67
75
62
71
62
36
33
43
62
96
97
74
61
85
81
89
45
64
66
89
58
102
68
62
91
94
38
75
34
83
57
65
35
54
93
79
80
36
53
62
40
44
89
54
34
82
78
51
60
98
69
40
59
90
93
65
48
84
101
84
59
75
32
48
104
86
66
104
88
48
45
52
44
64
51
58
6
10
7
6
1
5
6
4
1
7
2
7
9
2
9
9
10
9
4
4
4
8
9
8
7
3
5
8
9
6
9
3
7
2
9
6
8
7
10
6
7
4
3
5
3
7
4
1
5
3
4
1
1
9
5
4
9
8
8
7
2
2
2
6
10
7
8
7
7
7
10
8
3
5
6
1
10
1
10
4
2
6
9
1
7
4
6
10
8
4
5
7
5
6
5
7
4
3
5
5
3
2
2
8
3
7
10
8
10
3
4
4
5
1
5
3
5
6
6
1
3
2
8
1
5
6
4
6
1
6
1
6
6
5
7
2
2
2
6
8
1
2
1
3
2
1
9
6
2
1
1
1
6
1
2
9
8
3
6
1
3
9
10
1
6
3
2
4
8
6
1
8
3
3
3
9
6
7
10
8
1
2
10
2
1
4
6
3
8
10
4
2
8
2
7
10
4
5
1
10
6
6
7
3
8
7
3
8
10
5
2
10
4
2
7
3
1
9
9
9
10
7
4
9
7
4
9
8
6
4
5
6
8
1
8
9
6
3
8
10
3
2
1
8
3
10
3
4
6
1
7
6
10
5
1
10
5
10
10
9
10
4
9
3
6
1
5
9
6
2
4
8
10
8
2
10
9
7
7
10
3
1
4
8
4
2
6
6
10
9
8
6
9
10
5
1
1
2
3
3
3
3
6
10
3
2
10
6
8
6
4
8
6
4
1
4
10
8
3
3
6
6
6
9
6
6
2
4
1
7
2
6
7
1
6
3
8
4
8
4
8
2
10
8
5
3
1
8
3
6
8
3
9
7
3
9
7
8
5
2
1
10
9
8
8
6
5
2
5
9
1
10
8
4
3
5
9
3
6
5
10
7
10
4
4
3
8
10
10
1
6
5
7
10
5
6
9
3
8
3
7
4
9
6
6
2
5
6
2
9
7
1
1
5
8
2
1
10
5
9
3
8
7
5
9
10
8
1
6
5
3
6
3
2
6
7
1
5
2
8
3
3
3
10
10
3
9
9
4
9
10
8
8
7
5
4
4
5
5
9
9
7
1
10
3
8
5
1
3
3
4
10
6
4
8
5
9
3
10
3
10
2
3
4
2
6
9
2
8
6
3
2
9
2
7
6
5
8
7
5
8
10
6
4
3
4
7
5
1
3
9
8
7
8
4
1
6
8
1
9
3
10
2
1
4
4
3
10
10
1
10
10
1
5
7
3
9
3
9
2
10
8
2
9
4
8
1
1
8
7
8
10
4
4
5
10
6
10
3
7
8
7
9
8
8
5
10
9
2
10
6
7
2
6
2
10
6
8
10
10
10
2
5
9
10
4
5
4
8
2
6
9
3
10
9
1
1
10
5
8
10
10
6
4
8
9
8
9
6
7
9
2
1
6
3
1
6
5
6
1
6
1
9
8
1
7
2
4
1
7
3
8
4
3
