7
5
4
6
6
9
9
4
5
8
4
8
5
8
4
6
5
5
7
6
5
6
6
9
4
7
7
6
4
6
9
7
8
7
8
6
6
6
5
9
4
9
6
5
9
8
6
4
4
6
4
9
5
6
9
5
4
9
5
6
9
8
6
9
4
6
9
5
6
5
9
7
5
8
5
6
9
7
5
4
7
9
7
9
6
8
6
6
6
8
9
6
7
6
1
1
6
4
2
1
7
8
6
1
1
5
6
5
10
6
7
5
9
3
2
7
9
4
2
5
9
5
10
3
1
8
1
7
1
8
1
6
7
8
4
9
5
10
3
7
6
8
8
5
6
8
10
9
4
1
3
3
4
7
8
2
6
6
5
1
3
7
1
7
2
2
2
8
4
1
1
5
9
4
1
2
3
10
1
4
9
9
6
8
8
1
9
10
