107
129
51
58
161
158
96
103
59
58
54
106
134
135
120
113
140
99
54
168
124
130
147
154
115
128
164
135
79
167
170
130
155
101
90
57
67
84
54
72
97
85
59
170
88
90
169
66
64
128
126
68
162
148
171
54
134
114
155
161
54
130
54
144
160
129
149
81
79
108
146
101
162
82
86
85
158
84
149
78
93
144
74
89
70
136
112
167
51
121
69
58
161
117
88
149
147
84
96
161
110
65
130
173
167
137
163
174
148
94
112
134
96
53
94
146
173
156
98
150
165
130
91
146
133
131
85
102
75
156
174
129
86
90
67
142
174
159
138
70
91
118
61
94
123
174
170
140
90
141
60
123
149
101
164
76
88
76
125
110
89
172
109
142
70
69
133
116
121
126
171
161
158
57
122
69
133
119
133
82
6
9
2
3
5
10
9
9
3
8
2
8
10
6
1
4
5
1
2
6
4
5
3
4
3
10
5
10
3
5
10
1
5
5
10
9
6
4
3
4
1
2
8
2
10
9
9
4
3
10
4
4
3
9
4
5
1
3
1
2
3
2
1
8
7
7
9
1
6
9
9
10
6
8
4
3
3
3
1
1
3
4
2
7
9
8
8
3
9
8
10
6
10
3
10
2
4
1
9
2
10
3
1
3
5
8
6
9
2
1
1
8
2
7
10
4
1
4
8
4
1
5
4
3
4
2
1
3
8
8
2
4
1
8
1
4
7
4
2
10
6
7
2
6
2
1
10
8
4
1
9
2
6
2
8
2
8
10
5
10
9
1
1
2
9
6
1
9
10
3
9
1
9
6
2
5
8
4
7
2
