185
119
136
124
70
182
73
118
162
155
154
138
99
173
174
174
126
75
156
72
142
112
71
171
65
58
102
111
91
92
142
158
59
74
90
160
107
194
125
152
143
113
114
59
92
125
119
88
100
169
120
109
161
133
189
190
106
178
192
60
66
149
94
177
68
164
98
106
188
74
80
70
124
179
165
85
113
149
140
169
139
151
63
183
106
97
171
173
167
93
173
87
160
110
133
86
146
96
65
65
177
152
127
102
140
131
65
110
124
108
59
136
62
176
131
148
98
150
162
193
186
157
63
134
193
82
158
168
133
57
75
161
143
77
160
100
99
57
161
156
153
85
139
172
79
191
98
85
185
74
87
126
182
127
90
64
154
158
95
156
127
96
109
126
180
70
128
64
100
115
179
132
116
177
174
188
139
174
120
108
61
148
165
65
154
73
173
73
169
169
61
103
166
91
83
138
71
59
145
72
107
116
162
78
169
122
187
138
163
71
80
73
179
81
189
70
108
65
130
144
108
171
92
177
126
85
125
152
177
192
62
138
69
181
191
157
147
155
156
154
157
66
72
142
155
84
74
180
171
172
166
145
122
162
68
60
106
94
190
80
162
80
100
183
147
149
174
148
94
183
144
135
67
66
89
116
153
72
67
92
97
78
174
174
73
95
170
76
113
125
135
70
101
82
84
167
106
177
130
129
112
127
100
130
96
116
129
138
193
181
195
168
69
127
155
80
132
106
113
169
91
155
166
116
64
82
172
92
65
171
79
131
90
133
94
119
145
189
189
130
81
83
194
192
75
142
114
118
187
142
152
116
175
154
77
172
115
122
57
180
154
110
150
110
158
157
188
61
128
190
101
178
70
122
166
90
148
80
61
80
84
96
76
157
162
167
81
113
141
121
111
136
67
110
160
116
91
100
109
195
75
159
147
186
94
69
161
181
90
77
75
166
83
192
186
87
72
96
149
180
123
86
173
89
134
110
70
117
76
192
96
80
132
137
95
82
117
93
116
95
64
156
101
152
160
112
67
191
142
153
190
163
76
105
136
179
70
86
123
178
83
195
97
143
107
163
96
96
65
171
126
60
69
102
89
77
75
144
94
176
103
65
79
145
75
182
154
99
158
185
114
74
151
128
147
163
137
171
131
137
61
124
99
140
118
113
94
80
108
108
140
138
181
111
180
170
162
127
63
176
141
100
185
130
174
94
129
67
57
163
185
174
159
98
132
91
60
74
140
182
111
119
61
144
6
5
2
9
9
5
5
8
4
3
5
4
3
6
2
3
5
10
6
1
7
9
6
5
2
10
2
10
3
4
3
3
3
10
2
8
6
1
10
10
9
10
9
1
2
9
1
7
9
5
6
6
1
9
7
1
6
5
7
3
10
4
3
6
7
4
6
8
3
9
6
5
9
10
3
9
7
9
9
9
6
10
10
5
3
10
10
9
8
9
4
2
4
1
7
7
4
5
1
9
4
8
7
7
1
6
3
1
8
4
7
9
8
10
5
9
1
9
6
8
3
5
3
10
3
1
2
6
1
2
5
1
1
6
8
5
8
8
6
3
9
4
6
10
8
9
10
7
1
10
1
2
10
2
7
1
2
5
4
5
8
10
7
10
1
8
6
6
5
10
5
3
1
10
8
4
4
8
8
1
6
4
2
3
7
5
3
5
7
1
4
6
3
8
2
2
5
10
7
6
10
9
8
9
5
1
3
10
1
6
9
3
7
3
10
7
10
9
4
10
6
8
1
2
3
1
8
7
6
7
4
3
9
6
6
9
9
1
2
10
5
6
7
8
8
2
9
4
7
4
4
9
4
6
10
7
2
2
10
5
4
10
2
10
3
7
1
8
1
10
4
9
8
4
1
9
7
9
4
1
7
9
6
4
10
9
7
1
6
7
4
9
10
7
1
6
10
10
2
8
6
5
9
9
5
2
2
8
1
3
6
7
9
9
1
6
4
5
4
8
6
7
1
7
2
1
10
9
8
10
6
4
8
2
2
8
4
2
7
10
2
5
3
8
1
9
7
5
10
8
1
2
4
2
2
10
10
10
6
10
4
6
7
2
5
4
10
6
5
6
6
1
4
8
3
3
5
4
1
6
9
1
4
1
7
6
5
1
9
9
5
9
2
8
8
9
1
10
1
1
1
3
1
5
6
5
3
2
7
9
5
7
7
7
3
9
9
6
3
8
7
10
3
2
7
1
8
7
1
1
6
6
9
5
5
4
10
7
4
7
9
5
2
2
6
6
5
3
10
3
5
1
6
8
7
1
5
5
8
6
6
10
2
9
5
5
7
6
2
1
5
10
10
6
9
8
6
5
9
7
1
3
7
3
8
4
2
6
10
6
10
9
10
8
5
1
9
5
8
3
1
9
9
7
1
3
4
10
2
4
8
10
4
4
2
3
6
7
3
1
7
2
8
8
1
6
7
2
3
3
7
2
1
6
6
4
4
2
3
6
8
3
2
8
