42
82
52
106
98
91
99
67
112
112
120
75
41
119
74
115
60
67
109
54
47
80
61
69
73
111
114
39
56
108
69
52
79
62
45
73
91
93
103
37
92
115
102
39
121
103
47
44
107
84
47
95
102
77
56
60
115
72
51
58
40
85
108
83
120
59
70
44
45
43
92
57
84
93
112
120
81
90
67
37
45
76
70
112
37
62
99
45
88
46
82
50
92
61
39
94
57
75
53
81
51
120
68
60
61
65
42
82
61
110
58
75
38
94
47
102
60
113
64
83
107
59
78
93
88
95
45
62
63
41
58
111
93
42
116
53
107
58
76
58
96
75
38
49
103
118
55
92
107
104
87
46
51
60
119
42
53
47
60
47
81
71
101
94
53
101
76
121
73
118
109
54
116
49
108
94
101
52
60
61
93
55
46
61
84
100
81
46
80
87
104
95
72
121
79
111
52
45
44
85
88
42
80
105
118
58
37
83
97
78
56
109
83
42
83
74
49
69
51
115
69
102
111
71
110
77
103
107
107
102
115
103
48
72
55
111
83
100
103
52
92
40
98
109
45
110
80
104
71
46
77
36
79
117
110
98
39
93
74
63
41
49
49
60
52
120
66
91
55
61
78
114
110
60
106
62
91
102
101
84
38
121
84
63
59
46
38
108
66
80
105
78
90
56
121
98
44
110
100
104
63
51
74
116
113
96
46
81
64
90
118
103
40
50
40
55
113
114
103
119
82
48
105
116
44
96
95
94
79
68
105
63
113
69
36
69
90
41
108
67
41
119
112
76
102
39
45
76
65
89
77
54
83
106
107
90
99
112
77
80
68
118
77
99
110
81
89
64
52
47
87
117
85
115
64
79
101
48
74
53
72
51
84
81
96
37
108
117
91
100
96
89
113
50
55
112
111
109
95
94
121
36
94
110
61
62
44
95
112
45
59
37
91
52
75
107
78
59
65
94
94
118
94
58
87
104
37
39
66
61
98
64
98
102
103
49
79
86
40
98
8
4
1
8
4
1
8
4
7
5
7
8
5
1
2
3
5
5
7
4
5
6
1
3
1
2
7
10
4
8
10
2
6
3
5
5
2
4
5
7
9
9
8
1
4
5
5
7
8
2
9
2
3
2
3
4
2
2
2
1
9
10
2
1
10
8
8
5
6
2
7
8
9
4
10
4
2
4
10
7
4
8
6
3
1
8
2
8
1
7
8
2
8
6
5
9
2
8
6
3
2
8
6
4
2
1
1
1
6
1
1
8
9
7
5
10
2
5
9
1
9
10
10
8
10
10
10
7
1
7
4
9
1
4
7
10
5
3
1
5
5
4
7
10
2
9
10
2
2
9
7
4
6
1
10
2
1
9
3
3
7
9
10
8
8
9
10
4
1
6
7
4
10
8
8
5
4
6
9
4
4
4
7
2
1
5
8
5
3
8
2
6
8
3
3
8
1
4
7
1
10
9
10
7
5
1
3
10
1
4
3
3
5
8
8
5
6
4
2
4
4
5
4
6
3
2
7
10
9
9
5
2
5
6
8
4
1
3
8
8
8
1
3
1
1
9
7
5
6
1
2
6
8
4
3
8
10
2
2
5
1
4
4
2
6
9
4
1
6
2
1
3
6
2
1
5
1
7
5
9
10
6
7
3
3
3
2
8
5
8
9
7
1
1
3
2
4
10
3
5
2
6
5
1
7
7
9
2
4
4
2
1
6
9
10
4
9
10
9
5
4
10
10
7
10
8
8
3
6
3
4
3
9
4
4
9
6
8
9
9
2
4
6
2
3
1
9
7
6
6
4
10
6
4
6
5
9
6
1
4
6
1
9
5
4
6
9
2
3
7
1
3
3
2
7
6
1
2
8
8
4
9
4
6
2
4
3
2
10
5
3
4
1
2
5
9
7
7
2
4
9
8
10
5
5
4
6
5
5
3
8
8
6
7
7
10
1
8
1
10
9
7
8
4
3
1
2
6
4
6
7
6
5
7
9
2
6
9
6
4
