89
148
84
67
59
63
160
116
86
62
142
135
109
84
168
52
101
64
138
155
101
132
110
174
114
142
61
148
87
128
99
51
136
113
134
81
153
60
107
131
57
81
102
73
91
134
60
97
170
112
61
165
120
110
95
87
60
144
71
96
124
168
142
144
100
141
61
74
73
81
136
137
68
121
69
65
74
110
119
59
60
170
125
79
59
119
89
81
78
172
64
170
151
113
92
107
110
164
99
86
171
73
66
60
75
77
146
114
146
95
162
64
120
135
153
55
152
172
101
115
108
127
152
168
154
65
149
84
82
101
67
57
105
173
57
110
129
142
110
156
167
82
95
151
113
166
137
127
100
157
69
96
129
56
53
132
82
61
174
167
59
136
130
139
141
144
110
77
72
56
152
87
140
127
165
152
117
100
146
161
55
85
88
126
154
172
153
64
90
79
113
52
155
131
70
136
72
155
68
96
58
74
136
79
62
129
53
155
90
129
71
83
160
64
59
160
139
58
104
54
168
163
133
95
80
52
142
92
51
98
143
95
124
97
122
77
133
116
93
104
121
60
68
120
145
80
164
162
108
116
160
89
106
137
79
136
83
163
118
107
155
172
80
106
93
132
95
51
77
53
84
104
54
150
86
119
68
114
146
104
57
54
123
60
122
167
141
51
132
65
127
57
147
53
117
105
167
112
170
58
165
124
106
145
173
82
88
78
102
93
86
154
173
61
116
129
78
144
102
101
143
53
152
91
145
162
117
108
148
140
107
86
135
140
80
72
146
116
110
112
99
95
155
116
93
93
124
171
74
174
174
116
63
100
66
163
107
83
93
111
62
89
143
84
173
70
169
173
172
158
108
109
54
140
117
174
106
61
170
118
172
118
102
157
97
166
155
131
99
115
151
54
91
95
153
58
116
161
166
125
116
62
115
77
173
61
140
88
165
110
138
110
78
147
157
169
173
162
165
121
118
123
146
73
115
157
89
162
164
106
133
74
158
168
142
172
118
158
137
122
77
123
140
127
174
153
107
102
99
173
100
163
55
158
82
96
112
71
164
139
133
61
76
58
138
121
62
170
102
174
143
117
53
93
117
173
82
94
93
106
63
174
158
59
104
57
88
152
156
118
137
96
106
153
114
56
92
137
158
59
173
70
130
103
60
88
112
120
67
112
66
56
161
66
61
135
103
92
163
155
173
158
152
107
64
139
60
119
87
139
78
68
55
85
159
93
135
71
154
85
104
103
158
115
156
76
128
90
129
70
87
59
153
162
150
111
163
146
121
125
136
68
134
75
148
152
101
108
102
146
93
110
67
56
130
57
61
105
136
140
94
107
73
74
93
119
82
104
115
151
133
109
71
159
91
141
91
110
72
83
161
122
107
80
94
151
77
125
84
165
56
157
54
77
112
78
56
125
68
74
116
129
53
151
100
77
100
103
77
80
65
117
84
75
136
120
66
67
155
75
61
67
92
65
117
97
68
114
112
107
116
9
10
3
8
1
9
3
5
5
6
10
5
6
6
8
4
4
1
2
8
9
10
6
4
2
6
4
4
7
3
3
7
5
4
8
6
7
10
8
9
1
4
3
10
3
2
10
1
4
9
2
7
5
2
1
1
6
6
4
7
3
2
2
8
2
5
5
1
5
2
10
3
3
7
3
5
3
2
7
9
5
10
10
9
3
4
1
8
1
5
1
7
3
3
2
10
8
3
4
2
1
10
6
9
3
4
8
9
10
4
8
2
8
9
7
9
5
10
5
2
5
7
4
5
1
6
4
9
1
10
2
6
1
2
2
8
8
4
7
8
5
4
7
4
9
7
3
3
1
8
2
3
8
4
4
3
5
5
1
9
1
4
4
4
9
4
9
6
10
7
3
6
6
7
1
6
1
6
6
6
10
2
10
2
7
7
9
9
7
1
1
10
9
6
9
10
2
9
1
10
3
7
6
10
9
6
4
1
4
2
7
3
6
3
8
2
10
2
8
1
5
9
1
1
9
7
10
2
6
9
4
3
10
2
6
5
7
6
1
8
4
7
2
8
4
3
2
1
5
1
8
10
1
1
1
8
7
7
2
2
4
6
4
7
9
3
6
4
4
4
9
7
3
2
6
6
9
2
7
2
10
7
2
2
9
1
8
7
5
10
8
8
1
3
4
1
8
2
8
7
7
1
3
4
5
6
4
1
9
3
1
3
3
7
9
3
8
3
6
1
3
4
2
10
3
2
4
10
7
3
1
4
6
6
2
2
10
9
3
4
2
1
5
2
2
3
3
4
8
10
2
8
1
6
3
4
8
4
8
2
3
5
1
3
10
8
10
2
4
1
4
6
1
10
2
8
3
9
2
8
4
7
9
9
9
4
3
2
3
7
2
5
2
1
8
4
3
6
8
7
7
2
10
3
5
10
6
5
5
2
3
1
3
2
8
7
10
4
9
8
9
1
3
5
8
3
8
5
7
10
10
7
2
7
2
3
2
6
8
3
6
10
8
10
5
3
4
8
8
5
5
9
10
1
4
3
8
9
1
2
8
2
7
6
3
6
2
7
1
4
4
10
10
3
4
10
8
4
8
9
7
2
3
4
5
1
4
3
4
7
4
3
8
2
1
2
8
3
9
8
6
8
7
7
7
1
2
9
3
2
9
7
7
1
1
6
6
9
2
1
10
2
4
4
2
7
1
5
3
3
1
3
9
10
7
7
5
7
9
2
7
3
7
3
4
4
8
9
3
2
8
4
4
9
8
3
3
4
6
5
10
4
8
9
4
7
7
10
8
10
6
4
10
3
1
3
10
2
6
3
8
4
4
9
8
1
8
2
7
1
4
10
7
1
5
10
1
5
6
5
4
8
6
7
7
7
6
9
7
7
5
9
9
3
1
4
7
3
7
9
3
2
2
8
10
4
7
10
4
8
7
3
1
7
6
9
4
6
1
6
5
7
7
8
8
10
9
3
2
3
2
