128
89
53
85
85
136
49
95
123
124
51
94
124
96
91
125
73
109
135
52
75
99
68
107
101
93
121
68
46
76
103
107
72
83
69
103
51
136
124
77
139
115
90
44
42
53
108
107
70
60
41
134
45
80
117
119
76
56
100
43
61
119
119
100
110
95
136
50
76
110
103
69
70
128
64
92
48
65
74
84
73
128
79
41
84
43
135
81
133
75
97
102
98
55
71
63
115
81
63
81
69
114
97
109
75
60
59
57
76
118
115
138
103
129
93
114
125
71
46
98
132
51
85
103
65
42
49
96
56
106
125
138
84
61
42
70
112
113
132
136
101
52
88
91
78
80
98
91
46
109
92
111
126
93
109
87
112
102
65
137
98
47
74
45
120
122
90
59
133
105
116
112
51
66
64
95
112
112
77
88
68
60
43
93
69
122
86
79
137
116
57
58
108
85
130
111
128
131
121
118
89
60
113
54
96
119
139
137
117
63
91
104
64
83
86
54
108
66
102
89
88
122
77
60
45
117
90
130
99
81
134
122
128
109
97
114
55
133
132
42
105
83
68
125
53
103
132
136
89
64
120
113
53
120
107
84
65
45
116
80
76
121
53
84
93
98
114
126
93
86
82
62
79
127
110
124
96
98
114
117
54
64
72
127
73
67
48
105
124
81
49
122
47
64
118
46
124
78
82
114
122
113
50
90
43
67
91
54
108
111
86
111
43
120
61
97
133
82
119
128
73
47
96
105
47
79
97
86
61
110
91
83
103
115
118
52
94
74
57
53
47
139
124
61
91
101
61
67
68
41
68
98
59
75
41
57
56
93
76
121
136
66
102
119
42
47
94
106
131
137
123
44
117
43
127
49
133
84
123
72
55
78
59
92
126
104
132
95
106
96
64
97
84
126
50
101
90
122
103
47
47
53
80
136
71
139
113
89
97
51
65
125
121
93
80
118
118
85
100
120
70
136
91
96
129
80
139
85
48
120
95
102
130
122
88
120
108
108
127
132
112
98
78
130
138
139
41
125
72
78
138
114
73
123
112
135
100
128
50
113
64
75
139
135
69
61
81
73
74
85
130
62
101
128
126
70
131
130
74
91
123
51
117
48
82
120
100
65
117
78
126
113
129
78
130
44
48
93
63
56
62
66
109
95
83
58
46
114
62
42
132
130
104
82
78
72
114
56
53
72
101
47
95
96
86
86
81
58
46
51
110
112
110
107
71
85
78
105
42
117
48
104
92
92
47
59
130
124
133
113
88
74
65
63
46
59
120
108
129
44
43
76
72
73
108
124
46
119
97
104
94
116
47
113
49
59
72
77
63
128
49
41
46
126
124
63
44
81
69
121
131
101
110
121
68
52
87
92
83
117
55
97
54
134
70
118
124
47
106
45
128
88
117
138
89
116
87
92
127
127
110
54
71
65
122
47
91
46
128
44
59
136
56
133
44
78
68
131
58
109
69
76
56
94
43
73
100
69
62
107
103
48
73
97
47
105
45
122
105
139
58
74
66
67
109
75
58
138
45
124
112
133
75
98
47
122
77
67
87
138
49
72
54
74
132
102
83
123
46
128
48
98
51
133
120
131
113
88
64
90
50
125
74
137
41
43
72
131
117
102
77
119
52
61
129
123
111
79
127
58
85
54
123
74
129
136
64
90
69
55
98
95
74
126
49
77
75
54
76
64
105
120
120
134
65
58
56
101
76
96
45
82
121
97
114
102
59
52
56
135
71
62
72
96
64
73
64
42
85
87
73
49
135
123
86
48
83
56
129
90
44
82
127
100
111
65
72
103
55
113
76
95
110
108
69
123
106
76
73
55
74
101
52
97
46
71
70
51
98
57
118
65
75
124
86
54
108
77
118
81
81
108
132
130
78
98
139
89
136
101
46
75
46
72
72
108
118
83
87
75
97
73
61
77
82
71
53
118
59
57
3
4
5
8
5
3
5
1
8
10
7
7
8
3
7
3
2
1
5
4
5
4
6
7
2
2
7
8
9
10
4
6
4
7
3
8
5
4
9
10
1
9
6
3
9
10
1
6
3
6
10
2
1
4
3
4
2
2
2
5
2
9
6
7
4
4
1
6
6
6
6
4
10
10
4
5
7
4
5
1
9
4
4
2
1
2
4
6
4
5
6
9
7
10
8
5
8
8
4
7
6
10
9
9
5
6
9
9
6
4
6
8
1
6
7
7
9
9
9
10
10
4
7
3
10
2
10
2
10
9
9
7
1
6
5
5
2
1
6
10
8
5
3
2
9
1
5
6
8
8
4
9
1
8
9
5
9
7
7
7
4
4
4
2
9
2
4
2
6
2
10
4
7
8
9
5
1
10
4
7
10
1
9
3
7
6
10
3
7
8
2
6
4
3
4
4
9
9
7
9
9
7
4
1
6
6
8
10
4
6
8
2
1
7
3
3
8
9
8
7
6
2
10
3
7
6
1
3
6
2
9
10
9
9
4
9
10
6
10
7
6
3
5
9
5
9
1
6
9
4
5
3
5
6
5
2
4
4
9
1
2
1
8
10
9
2
4
5
5
10
4
7
9
10
7
6
5
2
8
8
8
8
7
1
7
3
1
5
7
6
4
5
9
7
4
5
10
3
5
7
3
1
5
8
10
7
2
6
8
4
6
4
1
9
4
1
7
4
7
1
8
6
3
7
9
8
2
2
6
9
2
10
4
2
10
3
6
4
10
7
9
5
4
6
5
8
9
10
7
7
10
8
3
6
8
6
1
7
7
9
9
3
3
4
7
4
7
10
1
8
4
4
3
9
8
6
9
3
3
4
7
1
8
3
1
1
5
5
6
8
6
10
2
10
3
8
1
6
8
4
7
8
1
9
5
8
9
9
1
4
1
3
5
10
4
7
6
1
1
6
2
2
6
4
9
2
5
6
2
9
9
1
4
10
10
3
4
1
4
9
9
6
7
5
2
3
7
10
8
9
7
9
5
8
5
5
2
10
3
4
8
8
6
9
6
6
7
8
1
8
5
3
3
8
9
8
3
6
10
4
4
2
3
2
7
9
5
10
5
7
2
10
5
5
3
4
5
5
6
9
9
2
5
1
9
2
10
8
1
2
5
1
10
1
8
5
8
4
3
6
3
10
1
4
8
1
10
2
5
9
4
4
2
2
6
4
2
6
1
5
2
4
2
3
5
3
7
1
5
7
6
9
2
9
6
9
5
6
5
3
9
7
10
6
8
3
5
10
3
1
5
4
1
4
10
1
8
3
6
9
7
1
6
2
4
6
6
3
6
1
6
7
10
5
1
7
4
8
3
7
10
3
4
5
4
7
10
6
10
2
5
1
10
9
4
4
6
3
2
4
4
4
8
7
1
3
7
8
10
10
10
7
9
9
6
3
5
9
3
8
5
2
3
6
10
8
9
2
1
6
8
3
4
4
10
5
8
6
10
1
2
4
5
8
3
4
7
5
1
3
3
10
7
8
1
10
10
8
9
7
7
4
2
4
10
2
3
5
6
1
8
8
9
10
3
5
10
1
9
1
8
5
3
4
4
3
10
3
2
9
7
7
10
9
1
9
2
2
7
7
7
8
9
7
3
7
6
1
4
9
10
7
2
4
5
6
4
8
5
3
6
9
6
9
5
6
10
2
7
3
5
7
9
9
7
2
9
7
8
6
4
7
10
6
1
9
9
10
1
6
4
10
3
2
6
5
2
5
2
10
1
9
1
7
7
7
5
4
9
8
6
3
6
6
7
9
2
3
3
8
5
8
1
1
7
7
7
1
3
10
7
5
8
6
7
5
7
10
10
10
5
5
8
6
8
2
9
4
2
1
2
7
5
3
7
8
2
6
2
4
9
9
6
3
10
5
3
7
5
7
