104
82
53
52
108
96
45
69
104
63
54
46
114
41
69
87
112
112
74
89
95
48
41
49
62
96
128
93
118
116
43
128
95
70
91
85
95
104
67
100
73
122
97
79
99
76
117
89
100
55
76
71
110
75
43
49
41
122
38
99
93
48
92
48
62
50
38
103
88
87
41
113
119
78
127
89
99
102
88
123
52
63
64
50
79
53
61
97
113
57
100
62
119
128
59
85
79
58
114
79
84
55
56
102
104
124
56
70
5
7
9
10
9
4
6
6
2
6
6
9
5
1
6
5
8
3
2
5
10
10
1
4
1
4
6
1
8
7
8
9
4
7
5
5
2
10
6
6
8
5
8
4
5
1
9
9
2
6
3
4
3
5
7
7
7
3
10
1
5
10
4
2
2
10
10
6
6
6
7
1
6
10
5
7
4
5
10
1
6
4
10
2
3
9
9
2
9
7
1
3
5
10
1
3
3
2
6
5
5
5
3
6
1
5
3
2
