90
99
117
92
135
62
121
105
89
46
53
58
99
98
89
58
105
97
68
106
128
65
115
139
53
124
108
73
64
72
123
84
106
70
53
132
110
78
107
58
100
72
97
119
59
62
112
71
64
64
64
62
138
48
74
142
136
47
53
79
85
55
71
89
58
60
119
78
69
141
88
99
89
142
97
120
142
51
123
62
50
86
66
113
144
97
80
110
112
75
46
54
143
92
100
43
129
75
43
67
60
115
73
51
71
89
100
46
51
121
107
102
88
105
122
66
83
62
124
129
86
118
118
101
64
94
137
107
47
93
112
83
116
48
51
123
102
111
108
129
90
48
104
120
121
115
111
74
98
126
88
127
81
57
110
61
112
101
136
89
101
144
88
141
76
132
97
90
87
58
103
128
43
120
138
139
61
2
9
2
9
8
8
3
9
3
4
7
7
10
7
6
2
4
9
1
8
7
2
7
1
4
2
1
5
4
2
6
9
10
6
5
6
8
5
5
7
8
8
6
3
7
9
9
10
2
10
9
1
6
1
3
10
7
1
3
3
10
3
7
8
4
7
1
6
3
2
8
2
2
6
4
3
7
7
9
2
6
9
7
10
5
7
7
3
9
9
2
7
9
8
9
10
8
10
1
6
9
3
7
10
8
2
8
6
2
7
5
5
10
10
7
2
6
6
7
1
8
6
1
8
10
6
7
9
6
4
8
1
8
6
3
4
1
5
10
9
6
9
1
1
10
8
8
5
5
8
6
10
3
4
3
3
4
2
10
8
4
1
5
4
8
9
1
9
9
2
3
8
5
10
2
10
4
