53
85
105
52
59
130
99
121
75
93
51
57
97
54
46
43
89
124
100
55
115
86
105
49
72
121
137
73
118
69
78
53
131
103
53
98
60
92
62
63
133
115
95
131
97
109
100
47
102
113
114
64
49
93
109
134
108
96
78
104
116
134
99
56
54
57
99
135
122
68
84
126
136
92
124
111
114
137
77
55
106
132
130
89
56
112
65
97
101
124
95
104
125
121
90
52
83
130
66
77
80
136
101
79
52
92
108
61
118
92
95
74
50
109
45
122
131
42
57
64
55
66
80
68
131
46
73
54
54
93
118
98
84
113
45
99
119
68
61
108
110
57
77
121
57
52
96
119
89
109
65
66
46
66
74
51
44
63
65
86
75
97
72
130
111
47
45
74
53
57
49
137
106
53
136
125
117
59
74
91
66
84
69
44
123
55
62
69
89
56
79
78
123
82
87
67
58
119
125
100
136
79
79
95
46
131
89
123
98
110
110
112
118
66
41
52
107
46
79
97
120
50
126
73
51
72
72
60
45
50
113
85
125
45
108
84
93
84
42
60
134
70
86
112
130
89
54
50
89
136
105
70
111
98
116
121
81
70
81
121
111
87
124
43
49
138
44
68
131
132
101
91
136
87
132
83
100
120
76
106
135
110
68
78
56
91
54
83
106
70
114
120
120
120
79
100
106
139
133
71
67
133
72
82
85
95
122
74
53
66
71
102
80
134
139
76
70
55
139
127
96
48
120
87
60
69
86
7
7
8
1
5
10
9
10
5
10
9
8
6
7
5
9
7
9
8
9
1
10
6
7
10
1
1
2
4
6
6
9
1
2
8
8
5
7
8
1
8
5
2
3
2
9
4
6
8
2
5
8
7
9
3
4
1
3
8
9
9
6
10
8
2
4
5
8
2
4
8
2
3
8
6
4
5
5
6
6
2
5
2
3
7
7
4
4
1
1
9
2
4
9
2
7
10
9
1
2
4
10
4
10
4
7
6
6
5
1
6
1
7
6
6
2
9
10
7
3
3
6
1
6
3
6
3
1
7
8
3
9
1
1
7
9
4
1
7
5
4
8
1
6
3
1
8
6
7
2
9
2
9
6
7
6
10
3
7
6
3
4
3
2
3
3
9
9
9
8
5
1
1
6
10
10
6
4
1
10
10
6
2
2
2
3
4
4
10
8
3
4
4
1
5
9
5
4
10
3
5
10
1
6
8
5
8
7
7
4
1
10
1
9
1
2
6
2
1
4
10
6
9
10
7
3
6
8
7
4
9
6
10
4
1
3
6
2
6
8
8
10
5
2
8
9
6
8
9
9
5
3
4
9
5
2
4
1
5
2
8
8
3
2
4
2
4
2
6
2
6
1
6
2
3
3
2
6
6
4
9
10
3
9
5
3
8
6
9
5
1
10
5
5
4
6
9
5
2
1
4
4
5
1
7
8
6
6
7
1
10
9
4
6
8
10
1
5
9
8
5
1
3
4
6
5
2
