236
112
174
182
229
90
116
167
85
153
152
197
149
79
236
243
149
227
151
115
205
198
242
184
75
210
111
146
92
138
104
239
166
89
236
80
208
108
206
230
213
198
219
188
138
169
198
115
117
235
214
75
142
132
226
210
72
155
76
126
137
119
151
124
98
75
117
119
204
84
112
234
117
244
242
130
166
162
203
153
207
104
85
76
115
238
189
225
221
236
184
115
162
96
74
74
120
112
109
196
77
161
111
154
119
160
229
81
191
146
111
99
114
177
74
123
243
227
165
218
75
188
85
133
130
159
208
91
173
207
84
131
214
125
159
210
164
244
168
137
114
206
145
159
147
126
80
81
72
81
84
113
198
117
170
243
226
100
200
133
178
106
189
127
128
226
164
160
109
236
214
202
124
72
85
94
120
115
159
201
135
196
127
86
209
95
239
71
122
228
131
104
196
153
215
195
207
182
229
125
192
74
218
100
124
226
182
76
172
90
233
197
97
138
138
86
213
216
134
160
243
147
146
150
88
196
228
212
92
175
237
116
106
244
192
214
192
157
136
110
180
91
163
222
200
117
214
187
178
137
212
215
87
216
178
200
214
220
222
87
228
85
204
214
202
151
78
215
122
215
233
211
110
227
82
180
231
97
181
240
95
174
116
99
145
204
236
242
90
181
181
123
139
138
110
98
236
93
209
98
108
114
140
176
135
176
113
243
91
158
221
223
112
84
116
117
152
107
172
219
135
170
72
189
224
91
174
158
103
103
211
73
178
74
181
210
222
216
185
216
146
141
133
236
168
236
238
92
72
93
80
142
102
185
203
201
238
100
116
148
193
183
222
155
188
207
114
182
85
180
167
176
244
168
81
159
238
142
147
115
172
203
78
87
243
193
110
104
233
85
78
73
237
118
128
105
164
199
118
145
160
168
82
175
176
187
179
112
88
159
193
144
131
186
121
140
79
127
74
117
91
133
214
169
104
132
158
190
196
150
219
221
164
176
117
191
83
196
160
106
163
82
244
228
155
136
184
104
211
169
191
95
153
98
235
107
166
117
235
75
146
201
165
185
130
114
97
127
224
187
120
164
180
192
220
167
225
76
197
144
111
241
130
99
128
112
96
202
184
168
153
99
163
208
185
120
125
203
240
207
220
208
107
202
231
220
136
209
81
148
108
198
92
172
193
230
135
187
124
86
238
107
100
179
228
71
176
115
189
225
176
174
219
121
78
83
211
90
124
167
112
78
113
152
149
162
146
105
115
102
244
149
211
79
192
211
88
212
230
207
101
158
97
100
75
136
230
149
107
99
228
76
183
226
77
143
80
196
90
77
132
89
119
98
72
244
186
126
191
115
217
215
76
239
240
213
175
166
147
108
163
219
86
176
106
188
171
135
231
178
109
189
130
151
234
227
228
95
173
129
113
134
85
136
74
84
194
194
206
177
117
203
189
96
74
167
154
200
118
161
229
143
108
227
238
214
104
201
71
132
234
229
75
151
144
98
140
211
233
114
84
244
220
103
208
100
207
78
140
200
121
146
191
155
147
80
115
213
196
219
185
241
144
7
10
10
8
2
6
4
7
7
4
4
8
2
5
9
8
7
4
2
7
1
6
6
8
5
5
9
8
7
4
6
4
10
1
3
9
6
1
3
4
5
9
3
10
3
9
7
4
3
10
7
5
3
3
8
4
3
3
7
6
3
8
1
3
3
6
5
3
10
5
10
9
7
9
7
9
6
3
8
5
8
6
5
4
8
2
2
3
5
4
6
9
3
7
1
8
2
7
2
2
9
7
1
10
5
1
9
9
9
3
2
1
2
10
3
9
1
7
6
3
10
10
10
9
3
4
8
2
6
2
8
2
4
10
5
5
8
2
5
2
1
7
8
9
5
8
10
8
2
3
7
5
1
6
10
10
10
2
9
9
7
7
9
8
10
10
8
1
3
8
10
5
10
4
4
7
9
2
9
5
7
7
10
8
8
4
2
3
8
6
6
3
7
4
5
3
4
8
2
9
9
10
4
8
10
9
5
5
1
4
5
2
1
9
9
8
2
5
3
9
2
10
4
7
3
9
5
7
2
5
9
3
3
6
8
9
7
6
6
10
8
6
8
10
1
4
2
1
10
10
3
6
6
2
7
5
6
8
8
4
8
4
3
7
1
7
10
9
10
8
8
10
6
5
5
2
8
5
1
1
3
1
1
7
2
1
9
9
1
1
10
1
6
3
10
6
4
6
8
7
5
4
2
6
10
8
9
6
7
4
4
10
2
9
9
7
9
4
1
6
7
9
4
2
5
4
6
4
10
9
4
8
9
8
4
8
8
2
4
8
10
8
6
1
8
9
8
1
2
4
7
4
8
1
6
9
2
6
9
7
10
5
8
7
6
1
5
6
2
3
1
6
5
8
8
1
4
9
4
7
7
10
4
1
8
2
4
5
2
2
10
7
10
2
3
9
9
10
4
7
5
8
8
7
5
6
10
2
3
9
4
10
2
4
10
2
3
6
8
10
8
2
7
3
5
1
1
5
5
9
9
7
4
5
3
8
10
5
7
8
10
3
4
8
8
2
2
10
4
3
6
10
10
5
9
6
8
3
1
4
3
4
3
2
7
9
5
10
5
5
7
1
9
7
7
5
1
7
2
9
5
4
4
4
10
8
7
10
8
1
10
1
4
4
10
5
1
7
10
6
9
7
2
6
5
7
9
4
4
6
10
1
6
6
2
2
1
5
5
3
4
7
8
8
2
10
10
7
6
3
7
1
9
2
4
5
5
9
6
5
4
7
3
4
7
4
9
1
5
3
7
9
4
7
3
5
10
7
1
2
10
4
4
10
10
8
5
6
4
5
10
2
6
7
2
10
5
8
7
1
9
5
8
7
1
8
2
10
2
3
6
8
4
8
10
2
4
4
1
7
1
3
9
8
1
2
9
2
2
2
1
2
6
3
7
3
4
5
2
2
5
7
5
3
1
6
9
10
8
10
1
4
6
1
8
9
10
1
5
7
3
2
6
3
9
4
2
9
6
7
7
7
3
10
3
5
8
7
1
2
4
5
9
2
2
7
7
3
6
9
8
1
4
6
4
4
1
9
4
4
8
4
6
