141
138
91
191
97
159
127
108
168
77
166
74
113
157
168
192
70
81
202
113
135
83
190
163
208
71
84
200
123
205
108
145
90
157
138
184
78
104
204
156
98
135
174
117
114
141
182
180
162
113
166
101
176
155
184
146
196
85
91
150
76
174
62
122
118
90
156
136
132
105
131
71
112
188
150
111
136
190
70
112
76
193
187
154
170
120
137
163
150
123
174
176
179
177
140
203
186
209
198
202
133
66
92
64
149
142
74
135
114
157
145
156
147
158
197
71
112
163
123
187
79
81
76
122
174
92
139
160
146
186
200
130
198
168
164
190
199
197
113
75
178
98
88
195
202
99
152
85
179
149
84
189
92
153
136
100
144
77
160
73
74
124
149
208
165
96
180
188
143
203
208
119
105
120
158
198
108
119
91
107
195
83
204
138
185
179
168
67
117
115
84
159
98
110
127
123
80
136
187
72
84
179
70
128
126
86
155
147
91
153
92
192
164
82
85
105
100
172
61
97
131
183
167
152
73
192
79
125
67
117
139
142
190
104
197
116
119
96
162
158
131
72
152
67
136
108
179
158
107
102
171
95
153
84
78
82
103
113
183
173
138
129
192
76
206
91
76
190
145
91
74
163
123
92
158
196
94
85
198
193
61
61
208
122
63
195
192
102
183
74
205
193
62
95
97
134
117
85
196
165
183
154
105
68
148
64
80
117
64
104
105
80
187
149
202
194
90
141
136
181
208
200
134
70
134
86
141
106
82
168
166
136
109
182
87
99
77
122
209
96
118
194
190
122
167
116
97
161
203
106
96
149
125
198
155
163
66
139
197
65
196
92
113
178
178
63
66
113
94
122
178
80
112
104
192
163
179
179
203
150
175
140
118
96
94
186
203
195
131
135
188
73
126
181
63
173
208
122
133
125
185
154
87
172
81
142
97
184
167
68
148
158
76
74
197
112
187
101
136
151
142
67
106
165
95
191
125
159
120
191
155
139
200
167
135
144
134
148
198
128
114
69
167
114
67
63
200
90
81
190
169
163
188
68
145
204
166
92
113
165
168
128
169
120
78
83
97
162
121
101
131
73
103
202
156
100
206
68
208
70
89
198
96
205
207
112
118
188
82
181
118
179
64
168
140
183
104
91
105
134
103
119
161
74
206
126
184
169
161
198
82
78
162
189
92
71
81
151
153
89
170
120
61
181
165
114
111
119
159
93
68
198
70
113
192
207
172
101
93
79
105
96
160
129
142
175
82
118
173
103
196
177
125
151
119
119
150
203
142
128
185
100
88
64
172
181
149
167
201
64
61
155
117
116
112
187
72
163
200
129
168
186
186
91
114
202
69
96
64
170
75
112
185
104
169
154
65
65
195
130
119
85
64
81
173
152
75
80
204
135
192
125
108
137
176
209
207
197
186
174
135
62
91
122
68
85
88
104
176
93
76
73
126
191
74
168
170
91
126
205
88
79
129
122
66
130
88
133
103
145
205
105
201
187
139
147
102
164
93
149
113
124
188
123
152
147
177
75
209
84
98
179
116
78
186
131
209
169
196
192
133
87
198
75
182
114
73
198
145
116
80
84
106
157
122
82
188
86
180
186
151
121
164
76
98
77
94
139
141
84
118
108
123
173
171
108
165
108
99
102
146
168
133
71
189
178
86
187
140
149
103
158
177
182
103
69
206
129
137
96
120
145
88
175
198
78
178
179
162
138
190
95
203
72
94
163
96
131
64
181
127
178
183
179
136
204
72
195
91
122
167
88
161
165
107
77
134
70
183
126
111
142
202
125
92
163
154
61
126
107
85
136
156
121
112
151
173
135
120
154
189
90
128
63
176
195
117
80
194
100
177
205
113
206
80
104
174
161
116
193
150
179
93
202
149
72
201
100
91
176
189
70
79
185
129
70
171
163
202
116
108
82
106
207
73
61
85
105
177
206
140
109
85
97
89
106
91
73
135
177
150
95
162
64
197
100
73
141
171
115
116
106
117
87
80
64
68
72
133
127
143
136
139
197
79
185
124
133
156
198
197
81
105
198
77
85
77
104
199
153
110
209
74
115
177
144
142
111
81
87
157
203
186
196
94
83
185
176
157
95
132
159
158
65
205
197
85
205
95
144
63
88
140
158
74
173
70
129
64
82
189
105
146
170
177
192
162
154
196
189
200
102
170
135
132
76
146
92
196
196
83
148
159
105
173
91
155
149
165
191
157
149
168
127
178
148
197
189
160
145
129
72
194
80
172
105
146
202
129
147
74
93
62
177
151
149
164
136
124
184
174
174
176
169
198
96
75
97
79
84
202
83
188
74
97
98
92
190
116
203
150
157
122
202
114
142
69
168
139
78
127
119
169
168
69
92
204
107
124
112
155
71
191
126
208
124
97
194
108
200
187
120
203
81
123
96
87
197
119
93
155
151
80
206
110
149
144
194
146
93
129
101
75
167
86
126
196
165
146
114
140
78
97
119
75
103
167
195
178
207
154
121
65
109
101
89
173
163
187
113
62
105
76
121
125
209
183
201
88
70
92
129
145
183
111
79
207
138
132
169
177
170
191
155
178
2
4
5
6
9
6
5
3
6
1
9
6
8
2
2
8
1
3
8
2
8
10
3
6
2
4
7
9
1
3
1
2
5
7
10
2
3
3
6
5
10
2
8
7
4
1
10
4
10
4
2
4
1
8
6
8
2
3
1
8
8
6
6
9
10
4
5
7
5
4
8
5
1
10
9
1
4
6
8
7
8
8
6
4
8
9
5
1
7
1
10
9
2
2
9
1
10
10
10
1
5
10
7
1
10
9
3
9
1
7
4
3
10
5
7
4
4
2
10
6
8
2
5
4
4
5
9
9
7
10
2
6
2
4
9
4
6
9
3
1
4
6
5
2
5
6
6
6
3
6
8
8
10
4
1
5
6
8
5
2
3
10
3
5
4
2
3
7
9
7
7
3
1
2
8
3
1
9
4
9
10
1
2
5
1
2
3
9
7
7
7
2
2
4
4
6
2
10
4
3
10
5
9
10
9
4
6
7
4
6
7
1
1
9
5
2
2
10
6
5
4
8
2
4
2
7
3
9
6
3
8
4
7
9
9
3
6
8
7
6
1
6
10
2
1
5
8
7
9
6
5
9
3
2
4
9
2
7
6
1
10
7
4
9
6
1
10
5
10
10
3
10
3
3
3
10
10
3
3
3
8
7
1
2
8
9
2
3
7
10
7
1
6
10
10
4
3
10
2
1
1
4
6
8
10
5
7
8
8
7
9
9
7
7
8
7
7
6
10
5
5
9
6
5
4
6
4
4
2
9
3
9
5
4
8
4
3
5
10
8
10
2
2
3
6
6
5
4
6
5
9
6
3
6
8
9
9
6
2
10
3
2
9
1
3
7
10
10
4
6
5
5
2
9
5
2
7
3
2
6
10
2
2
10
9
5
10
10
10
5
8
4
4
9
1
8
3
10
2
6
9
10
9
4
5
10
2
8
3
9
10
7
7
10
4
7
5
3
10
8
7
3
5
3
8
6
5
1
2
5
1
5
10
9
5
2
6
6
10
8
6
8
5
8
1
1
4
4
3
9
7
7
7
4
9
3
7
5
2
4
9
6
5
8
7
6
2
1
7
4
4
7
5
10
7
6
4
3
2
6
7
4
7
5
8
2
9
7
4
7
8
8
4
2
6
3
2
5
8
7
3
9
7
4
9
9
6
9
8
9
5
8
1
9
2
5
8
2
8
8
8
7
8
8
9
3
1
10
10
8
4
6
5
9
4
3
2
5
5
2
5
8
3
6
8
1
6
6
5
3
4
2
3
5
5
10
8
9
3
3
3
1
4
6
4
9
7
10
10
10
6
2
9
7
3
5
8
3
3
10
7
5
3
10
3
9
6
1
5
7
2
3
2
7
8
3
3
9
7
2
1
10
9
3
6
1
1
8
8
8
8
10
3
10
5
3
3
2
2
6
9
8
4
2
2
2
3
2
2
3
3
2
1
8
10
1
4
9
2
9
7
3
7
5
3
6
2
5
8
9
8
7
5
3
8
8
7
6
8
10
6
10
8
3
7
3
10
4
2
10
1
3
9
10
9
3
4
3
9
9
10
5
1
1
7
2
8
4
5
10
9
8
3
8
7
1
3
6
8
1
2
7
2
8
6
7
9
7
1
10
4
10
8
10
5
3
4
3
1
1
10
5
4
10
5
7
9
7
1
5
5
4
3
7
4
3
1
10
3
1
6
2
8
4
6
2
5
3
10
2
10
3
8
1
6
5
4
2
1
4
6
10
10
3
2
8
1
10
5
2
7
6
1
9
7
5
2
5
3
3
7
5
10
6
4
2
3
9
2
5
8
6
4
2
1
5
3
10
2
8
2
10
5
1
2
1
3
8
6
5
3
10
3
10
4
3
7
3
4
7
7
4
5
9
9
6
4
10
2
3
9
4
3
2
7
10
3
9
9
8
2
4
6
1
8
1
3
2
5
2
3
4
5
8
8
8
1
1
4
7
8
2
9
10
8
4
8
2
6
9
6
6
2
2
3
9
7
8
6
3
1
5
4
8
2
9
6
4
3
10
9
1
2
4
1
3
3
4
9
3
5
1
2
6
10
2
4
6
4
7
5
2
7
1
2
10
2
4
6
6
5
10
10
2
6
3
10
4
4
7
8
6
5
8
7
9
10
1
5
8
8
7
7
10
5
8
4
2
4
5
3
10
3
8
2
3
1
5
1
10
7
4
6
8
4
4
10
8
5
5
5
9
8
7
3
10
3
10
2
3
2
4
2
2
6
9
6
1
3
6
1
7
4
2
9
5
10
10
5
9
9
4
2
5
4
2
4
2
7
10
8
10
8
10
8
2
6
2
5
5
8
1
3
7
3
6
7
10
5
4
3
1
8
9
9
4
6
4
3
2
8
4
7
5
2
9
4
2
7
5
9
7
4
8
3
5
6
1
6
4
9
6
7
8
10
6
3
8
2
2
9
6
2
1
5
5
10
4
4
2
7
2
5
7
1
1
8
2
8
2
10
4
6
3
10
9
3
5
7
9
2
4
1
6
6
3
7
7
1
7
7
6
10
5
3
8
7
3
3
2
3
8
2
10
2
