100
5208
60
200
8
1
1
20
100
600
 
stations
39
42
29
4
39
24
16
33
1
51
58
13
49
4
21
12
7
11
12
52
59
32
55
21
0
46
13
44
27
29
21
11
54
13
30
54
48
31
48
5
56
41
2
52
26
34
46
24
24
37
33
12
61
20
23
24
46
14
7
52
2
11
26
23
20
13
34
6
22
36
9
0
39
45
7
47
40
35
25
17
12
24
46
50
47
17
35
29
41
14
49
49
34
21
37
20
40
1
17
17
62
16
2
54
56
37
50
3
4
38
62
31
11
37
26
24
57
54
3
26
24
40
53
56
36
2
31
16
20
57
19
1
3
52
16
27
41
18
22
9
5
56
60
54
12
14
2
53
31
23
36
0
58
29
47
13
46
43
20
3
17
22
52
4
26
54
5
38
22
49
8
27
51
51
31
38
53
7
40
16
44
50
60
42
49
30
30
31
61
3
59
15
30
3
58
43
25
34
22
1
39
52
FIN
