132
181
136
175
97
66
93
87
109
162
147
191
92
143
117
56
93
152
146
167
168
89
74
170
151
114
59
145
117
190
186
143
125
183
77
184
180
191
136
165
137
130
142
190
60
107
131
144
101
165
144
111
158
115
175
165
132
145
95
156
185
92
170
128
86
111
125
145
152
176
183
88
112
107
142
135
135
134
63
150
97
60
84
67
58
117
123
81
166
173
108
61
181
84
115
181
104
183
111
169
93
134
82
79
161
149
123
74
166
150
64
66
170
190
167
74
90
143
143
102
159
79
90
163
185
183
78
156
97
94
165
65
107
143
161
123
140
88
108
142
72
164
95
166
95
140
185
93
128
169
155
123
159
182
81
143
76
139
83
189
124
108
157
97
107
116
180
187
129
188
138
132
93
177
84
159
64
69
90
147
108
188
134
56
60
153
113
168
189
186
82
137
94
154
128
64
60
77
107
136
105
89
117
187
110
140
175
56
102
168
129
77
157
118
178
95
144
122
129
96
95
147
147
144
177
174
126
103
94
147
133
73
123
128
141
116
82
132
63
118
112
151
168
67
171
144
181
157
147
112
67
84
111
69
141
65
108
145
95
157
170
156
147
127
128
151
154
190
129
187
78
100
86
153
85
92
110
147
144
173
59
66
173
118
63
114
161
61
159
99
130
115
119
178
101
170
158
183
139
90
172
184
82
144
177
70
57
56
143
109
139
61
114
74
176
126
87
145
136
139
59
101
81
56
125
99
67
185
8
4
7
5
10
5
1
1
10
8
9
7
6
3
3
4
6
4
8
10
2
1
6
1
10
4
7
6
6
10
7
2
10
10
2
8
6
10
5
8
6
1
4
3
1
4
9
9
6
10
5
1
4
8
8
10
6
10
1
7
9
8
7
10
1
10
2
8
10
9
6
10
1
5
1
6
3
6
9
1
8
5
10
4
5
1
2
2
5
8
2
1
7
5
4
9
1
2
1
5
6
4
6
10
5
3
8
1
9
3
4
1
2
3
6
8
6
2
9
6
4
2
7
1
9
5
9
8
6
8
6
6
1
3
5
9
1
5
10
6
5
2
3
5
8
10
1
3
3
5
8
8
1
2
8
2
8
9
6
2
6
8
5
4
8
3
10
3
3
6
3
6
1
5
1
9
9
5
5
4
4
6
3
3
1
6
1
5
4
3
7
9
9
2
6
7
3
4
9
10
2
2
6
7
9
2
9
8
2
10
10
3
1
5
2
3
9
1
1
5
7
1
1
4
10
9
6
5
6
5
5
9
1
10
9
10
8
1
10
9
5
10
3
1
9
1
8
4
1
3
6
1
8
1
3
8
10
1
1
7
5
2
6
2
3
10
8
1
7
4
7
4
7
8
7
7
4
4
3
5
9
2
8
2
10
1
7
8
2
4
4
9
2
8
10
2
4
1
2
9
4
1
4
5
7
8
4
3
6
5
9
3
8
10
4
7
6
5
7
5
2
10
9
8
7
1
2
4
