40
24
23
41
48
20
35
42
42
45
30
44
32
27
25
35
17
52
22
21
29
40
18
36
50
44
52
53
31
26
42
52
50
45
26
28
39
35
47
51
55
32
29
54
24
19
37
55
34
25
52
53
31
30
34
40
31
49
35
32
18
19
21
41
24
26
50
36
25
27
39
23
44
38
49
34
34
37
31
44
45
32
53
38
35
18
40
38
35
18
45
49
40
19
22
20
19
40
45
44
49
29
36
53
24
18
29
52
34
29
31
35
42
23
48
48
50
22
21
18
47
35
52
22
39
21
53
52
24
36
37
55
41
37
19
29
52
52
47
51
46
37
21
32
51
53
51
33
48
41
46
24
50
25
21
44
44
39
46
45
3
6
6
2
1
2
6
2
8
7
1
1
3
5
4
4
7
3
9
3
4
5
4
5
4
7
9
5
8
4
10
9
1
1
9
9
1
6
2
5
4
7
4
10
3
2
10
9
3
4
5
1
3
4
2
10
9
10
9
10
2
4
6
2
5
3
6
4
9
10
3
9
8
1
2
5
9
2
10
4
6
10
8
10
9
1
2
5
8
6
6
6
1
10
3
9
3
5
6
1
5
5
1
6
2
2
6
10
1
9
4
9
8
3
7
10
4
9
2
1
4
4
9
5
9
1
2
6
5
2
4
8
4
6
9
6
7
10
1
9
10
4
7
1
7
10
8
9
10
5
2
6
7
7
7
7
7
8
2
5
