61
32
63
82
57
40
38
96
66
102
75
41
46
39
45
42
70
72
90
51
79
92
58
96
45
71
57
55
99
84
51
49
96
45
58
68
50
94
87
100
35
63
61
94
64
54
84
99
31
69
56
64
47
31
79
96
68
65
63
101
51
66
103
65
68
54
71
90
46
59
41
46
77
93
64
49
63
81
61
34
104
79
70
64
103
77
100
45
34
47
72
42
67
84
59
70
59
69
41
93
77
51
36
31
75
74
87
47
95
104
86
38
71
68
94
35
91
32
66
84
33
61
66
91
88
98
91
75
85
58
98
65
50
54
77
63
81
32
91
102
101
74
79
64
76
58
84
60
83
86
52
32
39
41
39
91
53
48
70
50
60
38
87
72
96
42
80
51
97
63
62
51
42
99
61
85
76
95
103
40
65
75
65
80
76
37
75
51
48
95
36
31
88
96
94
81
45
79
104
39
40
66
62
46
33
76
98
90
64
73
63
80
35
93
104
97
104
92
33
59
86
49
95
35
54
82
65
46
60
71
49
76
57
81
31
92
78
62
90
102
86
72
68
71
53
70
38
42
86
98
40
38
87
46
60
89
87
43
53
70
70
56
33
34
49
73
73
82
69
45
56
73
103
53
57
35
97
47
44
42
99
45
72
53
64
96
53
85
56
69
34
84
87
95
71
98
100
59
81
40
98
103
60
102
98
40
104
104
93
32
34
61
104
66
33
63
96
59
76
65
59
52
88
33
100
68
43
103
82
81
40
55
97
55
101
44
48
102
101
71
78
101
78
98
101
85
102
48
91
39
102
48
67
102
71
32
44
43
65
63
93
75
94
85
98
98
51
94
35
82
75
44
35
46
42
94
64
93
93
94
68
64
42
84
40
71
104
63
53
96
44
82
73
43
61
91
32
60
70
97
35
95
81
100
101
83
83
52
66
47
96
95
79
37
61
32
55
61
72
35
47
93
37
79
32
75
99
67
62
70
99
90
55
76
69
88
80
38
36
83
50
91
54
97
41
36
80
94
55
92
65
86
99
74
69
74
58
31
39
82
43
62
78
42
54
75
47
62
34
73
101
32
101
40
87
33
31
73
86
34
82
64
55
57
52
101
102
94
95
35
36
75
61
70
63
101
97
33
39
94
6
2
4
8
4
8
5
1
7
2
10
5
7
3
5
4
1
2
4
6
9
4
8
5
8
2
3
4
10
1
9
3
9
7
1
8
9
2
7
6
2
5
1
6
8
10
1
6
4
10
5
9
5
4
9
9
1
8
5
4
4
3
1
9
7
5
7
10
8
8
8
10
3
6
6
7
8
7
5
6
1
7
3
6
4
7
7
9
7
4
5
10
2
6
5
5
5
4
10
7
8
5
8
7
4
5
3
2
10
6
10
7
2
2
9
4
7
1
7
10
1
10
5
7
10
4
7
2
4
7
4
1
8
6
3
8
10
6
4
4
2
7
10
6
9
4
9
8
2
2
5
4
6
8
1
2
8
9
7
6
2
7
10
10
2
2
3
10
6
4
1
5
7
4
3
9
10
6
1
1
9
2
9
6
8
1
5
8
5
4
5
3
6
5
1
3
5
10
5
7
4
9
9
10
2
10
4
3
1
7
1
9
9
1
4
2
3
5
10
6
6
3
10
9
3
10
1
1
7
8
5
3
7
4
5
4
7
2
2
5
2
3
10
3
7
1
10
9
10
6
3
1
8
5
1
10
3
6
4
6
9
3
5
7
9
4
2
8
9
8
3
6
1
9
6
4
1
7
2
10
6
2
8
5
1
4
10
1
9
4
1
9
2
5
4
5
3
7
5
7
6
5
9
3
1
10
9
3
2
5
1
7
3
5
3
1
7
7
7
3
8
2
2
10
8
3
6
2
4
1
9
10
9
5
2
7
7
8
2
1
3
9
4
4
2
3
7
4
2
6
5
6
4
5
5
8
4
5
4
3
2
5
1
8
9
10
8
1
4
2
4
7
2
1
9
4
4
2
4
3
2
5
10
7
3
5
10
3
3
2
10
1
1
10
6
3
6
2
8
2
4
2
7
6
4
1
4
5
3
5
4
7
3
6
10
4
8
7
4
10
2
1
6
9
2
10
1
6
5
9
9
5
9
4
9
8
6
1
3
6
1
2
6
3
5
7
3
5
6
6
5
10
5
10
3
10
7
10
2
4
1
7
3
4
4
10
1
6
8
1
10
10
1
2
8
10
4
5
2
6
6
4
5
10
8
6
5
9
2
4
7
4
8
2
6
2
2
1
3
6
