131
117
66
107
68
58
131
136
126
57
77
107
119
83
106
96
88
54
121
113
121
93
107
64
52
101
132
110
71
136
72
110
81
94
65
102
46
105
124
113
43
107
82
55
75
135
115
80
71
95
129
80
94
126
132
86
118
50
93
49
88
108
104
69
96
75
50
50
128
49
96
50
96
115
103
86
92
89
85
97
109
109
102
98
63
120
128
128
124
88
59
41
137
104
118
138
117
112
136
82
98
121
124
87
126
137
49
51
84
64
122
101
116
129
118
117
57
63
107
126
132
104
47
107
133
50
106
116
133
118
62
65
128
65
59
58
120
89
47
138
69
95
107
128
56
47
72
119
102
51
57
102
53
139
98
102
91
82
131
81
77
68
81
97
99
130
117
73
113
44
49
70
56
121
89
104
131
114
84
121
119
90
130
64
43
102
77
113
117
47
132
99
130
88
77
113
78
79
94
134
82
134
129
98
55
96
93
132
100
44
95
76
131
97
57
100
105
54
64
64
119
100
118
118
120
75
51
84
133
82
52
121
57
57
82
115
69
77
110
106
63
104
68
70
55
97
136
85
91
117
67
110
102
107
67
71
124
75
126
112
132
119
127
101
109
64
123
46
100
134
111
100
68
128
89
121
101
124
41
80
97
76
113
46
64
42
132
78
61
100
50
133
134
77
128
126
62
65
93
49
48
47
130
74
110
103
63
87
82
120
115
126
69
70
54
96
102
87
139
137
100
119
87
121
101
57
134
133
83
133
53
116
108
104
81
74
131
80
119
57
104
41
74
54
98
101
58
119
113
136
85
139
58
60
130
83
87
65
99
41
86
100
81
76
72
102
43
126
121
63
108
53
72
48
104
73
121
131
119
112
85
91
134
53
96
110
90
59
44
118
43
53
132
55
87
90
130
49
71
45
116
123
102
132
87
111
67
82
125
79
57
103
106
64
130
132
123
117
98
122
121
45
63
59
132
46
95
56
68
60
92
127
98
87
95
89
46
114
91
61
42
123
102
56
63
77
82
119
97
89
111
85
67
80
125
133
139
85
52
102
69
62
103
57
95
138
104
51
45
48
84
76
48
104
118
68
134
59
75
137
119
91
107
91
123
67
71
131
57
138
128
95
113
90
73
98
87
126
66
76
74
110
116
76
69
119
86
72
100
50
65
95
41
47
82
117
131
63
108
98
132
134
117
132
76
87
45
100
93
55
42
62
124
112
136
95
81
124
106
133
135
98
78
84
58
43
60
76
126
131
123
58
65
61
131
51
132
109
130
101
87
87
111
137
79
72
65
53
100
137
104
56
113
66
112
83
113
123
80
116
43
46
69
120
95
63
106
115
55
119
115
119
84
47
81
68
121
117
91
52
93
136
127
72
101
117
44
51
99
91
109
118
111
88
72
83
112
47
101
131
106
87
57
56
49
119
73
51
130
86
77
78
75
54
44
53
66
129
110
136
52
109
132
97
61
51
130
123
54
78
93
133
55
98
85
103
91
45
136
120
83
124
58
105
104
86
44
101
69
93
129
68
55
99
60
105
114
135
116
107
103
81
84
94
60
44
99
129
70
126
41
44
51
89
139
88
88
87
138
57
72
100
88
61
42
45
120
124
95
54
70
80
90
139
98
119
81
121
72
94
89
125
77
121
103
47
101
68
80
70
63
92
131
59
44
114
88
85
67
75
117
125
107
77
94
97
80
47
72
45
49
137
100
64
57
90
107
72
91
68
81
109
74
113
98
82
127
111
119
120
72
111
102
80
113
114
136
57
95
55
85
131
46
87
102
118
117
120
128
47
132
98
138
136
48
64
124
95
41
119
108
111
130
119
56
56
45
93
89
80
132
48
67
110
52
50
138
131
113
117
125
67
119
53
47
43
85
117
57
131
60
91
73
77
64
121
90
102
134
99
70
89
105
72
67
120
126
120
103
99
123
120
55
136
117
109
48
80
106
87
139
132
130
63
78
95
109
75
110
78
82
102
44
64
44
104
125
109
103
79
134
83
50
102
73
65
64
128
129
60
56
116
114
54
70
56
137
103
127
69
119
48
61
58
122
46
102
56
81
132
84
89
117
98
113
72
128
77
67
60
126
50
99
83
117
55
68
75
110
100
103
130
116
91
115
102
64
133
58
73
71
59
46
96
86
122
58
71
71
102
110
132
121
80
122
102
85
105
86
108
100
42
41
117
97
91
66
63
74
85
107
136
128
63
136
132
119
92
50
76
46
83
46
62
42
41
135
120
46
89
60
133
63
44
66
125
56
44
99
43
105
121
73
62
84
128
75
115
43
101
80
100
92
67
99
49
63
77
69
121
131
93
92
106
98
83
130
82
81
55
78
137
56
117
94
99
63
53
53
45
131
107
53
85
51
115
66
76
109
98
77
120
67
118
63
69
51
91
103
49
62
138
132
122
72
112
136
129
89
136
133
105
104
124
104
115
55
95
116
113
50
72
131
69
71
73
119
51
116
66
78
123
81
116
69
57
47
101
84
74
84
96
54
66
128
124
87
101
139
86
90
113
99
122
130
53
67
74
85
62
134
57
69
139
120
122
66
87
118
42
47
82
65
53
118
82
118
43
76
93
132
74
101
112
123
135
93
90
68
50
51
98
92
81
111
60
56
99
68
42
77
47
52
44
46
137
107
90
134
71
68
73
61
58
133
133
129
58
59
137
88
136
82
139
124
107
65
86
62
97
99
136
53
91
51
78
137
93
72
114
1
3
10
1
2
2
5
4
1
3
4
9
5
6
4
10
5
3
5
8
1
3
5
10
9
4
4
8
8
1
7
4
9
9
1
3
8
6
7
10
1
8
6
1
8
3
8
4
1
6
3
10
8
5
9
5
4
2
4
5
5
9
1
1
9
7
5
2
9
6
9
1
8
6
9
6
6
6
1
10
5
2
6
6
8
2
2
1
8
2
6
5
9
9
2
2
7
6
3
8
2
4
9
5
10
3
7
5
10
7
2
8
3
6
4
7
2
4
10
3
9
3
10
1
8
9
6
8
10
3
6
10
2
9
2
2
7
3
7
5
1
2
9
10
4
10
3
9
8
2
3
1
7
8
3
6
3
1
10
5
5
10
4
9
9
5
7
8
1
10
3
9
8
5
10
7
7
1
2
10
4
7
4
2
2
3
7
9
9
10
6
10
6
5
9
5
6
6
10
2
5
6
5
1
6
2
5
2
7
6
10
1
4
7
5
8
10
10
8
3
4
8
9
7
8
2
3
10
8
8
1
8
10
7
4
2
9
6
2
5
9
3
9
3
6
2
10
4
9
6
5
3
7
6
9
3
8
7
9
5
5
9
6
4
6
5
4
5
9
1
10
2
3
9
7
1
4
4
8
3
7
2
10
10
1
1
8
2
6
5
7
2
8
6
4
10
1
2
9
7
5
5
8
6
1
2
4
6
5
1
9
7
8
6
3
1
5
3
3
5
7
2
3
10
8
10
3
1
9
5
7
1
4
6
8
3
8
8
10
4
4
2
3
7
2
9
3
4
3
4
6
9
6
8
6
8
5
5
3
4
5
4
5
10
10
4
8
2
9
10
6
7
6
7
3
3
9
9
2
10
9
4
7
10
1
2
1
1
8
2
2
2
9
10
4
9
10
1
9
2
8
6
1
5
7
8
5
6
6
2
9
6
6
5
5
1
6
10
2
10
9
7
2
2
9
4
10
8
9
7
5
6
6
10
1
7
10
9
4
10
2
10
8
5
5
6
3
8
4
3
3
7
3
6
10
2
2
2
5
4
1
3
4
1
10
8
2
9
1
4
6
8
3
3
9
2
9
9
4
4
2
8
7
9
9
9
7
8
4
8
4
3
6
7
9
6
10
4
9
1
5
1
5
1
8
3
5
5
8
9
6
5
3
7
2
8
7
4
4
9
4
3
1
9
5
2
10
6
5
7
6
7
3
4
6
8
8
6
6
5
1
4
1
4
7
5
8
9
10
5
3
5
5
7
2
1
5
6
3
1
10
7
1
1
5
9
7
2
3
7
7
4
10
1
5
2
3
6
5
2
6
3
4
5
3
1
2
8
9
2
5
2
1
1
9
8
10
2
1
7
6
2
2
9
6
6
8
9
6
7
4
10
6
2
6
8
5
7
7
2
2
8
3
3
2
3
6
2
2
8
8
6
1
2
1
8
2
5
3
2
8
6
4
2
9
9
7
9
2
2
1
9
10
3
9
10
4
10
9
2
8
1
4
1
7
8
7
10
4
5
6
1
6
3
7
7
2
1
1
9
9
10
1
4
5
7
5
4
2
4
10
5
5
9
4
2
1
8
8
6
3
2
7
9
6
6
5
4
9
8
7
8
2
3
5
1
2
1
9
8
5
3
5
5
5
4
10
8
7
10
6
7
1
3
10
8
7
3
2
1
4
2
5
5
9
5
9
9
4
3
9
8
4
5
3
6
5
2
6
10
4
7
4
4
5
3
2
7
1
6
5
1
1
1
9
8
3
1
8
1
3
4
4
8
3
1
6
2
10
7
2
5
5
6
8
1
8
10
5
3
7
9
2
5
6
3
2
4
1
9
3
8
10
2
7
5
10
1
4
5
10
7
5
10
6
7
6
9
6
5
5
7
10
3
9
2
5
3
5
3
8
10
8
7
10
5
2
5
4
10
6
8
8
1
6
1
7
7
7
2
10
9
6
6
2
4
5
9
1
7
6
6
4
3
5
9
9
3
5
7
8
3
2
1
1
9
3
2
1
8
3
6
9
9
6
3
8
4
9
5
1
10
7
2
5
10
9
9
8
8
3
6
6
4
6
3
5
3
4
1
1
6
5
4
7
2
8
7
3
3
9
5
2
10
4
1
9
4
2
5
4
5
10
5
9
5
5
2
4
5
10
5
6
1
5
3
3
2
9
2
10
9
3
10
10
4
10
9
8
2
10
2
5
3
4
1
6
10
4
8
1
1
3
2
7
3
3
2
4
2
6
9
7
4
3
7
5
4
3
5
2
1
5
2
8
4
10
3
9
5
3
4
5
7
1
2
4
8
10
6
6
6
3
1
2
4
5
8
6
9
5
5
1
8
2
4
8
3
6
6
9
9
6
3
3
3
5
7
7
4
4
1
2
8
2
9
2
1
1
10
6
3
5
10
1
5
7
6
5
10
8
2
1
9
4
1
8
7
5
1
3
6
10
1
10
8
6
6
8
2
1
8
6
1
7
9
8
1
6
4
1
3
3
6
1
9
1
8
6
1
5
7
3
10
8
4
7
6
5
9
4
9
5
9
8
7
6
3
9
2
9
4
1
10
10
2
2
6
9
7
5
8
2
3
3
5
4
5
8
8
5
9
7
5
5
10
2
2
4
3
5
10
10
9
4
9
9
8
2
10
2
8
8
2
3
4
10
6
9
4
5
10
7
3
4
7
9
4
8
6
5
2
3
3
10
7
9
10
4
7
