131
64
137
87
55
74
81
118
136
115
56
132
59
108
49
89
135
60
137
95
86
85
133
114
50
83
112
127
132
53
91
119
115
95
73
92
108
96
112
110
85
55
98
74
82
122
45
105
101
135
65
52
95
100
106
117
65
121
55
83
76
121
67
64
91
48
135
44
43
112
46
128
49
71
45
97
78
72
70
44
88
85
48
109
115
55
135
118
66
69
92
85
85
93
57
110
136
74
43
61
76
46
92
121
57
50
114
121
61
98
67
41
58
102
78
63
126
87
81
122
114
102
66
84
79
76
104
102
95
110
62
122
46
54
57
46
112
60
72
128
59
80
80
45
43
69
93
73
128
73
96
41
50
85
65
90
101
116
50
90
87
77
102
66
115
124
41
69
87
59
127
58
128
129
48
113
45
46
82
56
43
118
131
95
82
64
124
74
118
93
130
136
99
81
126
89
69
85
46
69
127
82
42
110
46
93
108
114
41
80
74
90
115
66
135
117
90
69
125
65
116
118
83
115
98
110
138
49
108
94
67
129
50
55
118
45
108
51
91
120
79
104
50
110
111
91
54
48
130
118
97
52
105
43
136
102
112
139
91
60
64
47
97
49
45
5
8
3
5
7
5
9
2
5
9
7
7
7
1
10
8
10
10
4
5
2
5
1
8
7
3
3
9
7
3
4
9
10
4
8
4
8
7
5
2
4
1
4
3
1
3
4
5
4
8
6
3
1
8
7
1
9
7
9
10
5
4
10
4
4
1
1
8
1
8
3
4
8
4
2
6
10
2
9
2
9
4
9
9
9
5
8
3
2
3
7
8
1
9
4
5
2
10
3
3
2
2
4
6
2
2
1
9
2
3
5
5
6
1
6
6
4
1
9
10
1
8
3
9
1
6
10
9
10
2
2
6
4
8
10
1
8
5
5
8
3
2
5
7
3
8
2
2
3
6
9
6
9
5
7
9
6
9
6
10
8
3
2
10
8
3
4
6
3
8
10
7
6
3
9
4
6
8
4
6
10
8
10
2
1
4
9
3
9
7
2
6
7
10
2
9
10
3
10
9
9
5
3
9
7
2
8
4
2
5
10
8
6
10
9
2
6
6
3
3
7
8
4
8
10
5
8
3
5
10
4
8
5
3
2
10
7
8
10
10
5
7
3
8
8
4
2
3
10
8
2
3
7
7
4
8
5
3
3
6
7
5
2
6
4
