92
131
58
50
104
90
119
125
120
63
99
106
43
77
72
71
110
50
123
102
98
45
63
97
74
113
110
54
136
45
107
61
127
45
77
57
133
82
90
93
98
87
121
62
123
72
102
106
116
58
135
104
135
138
55
127
97
119
133
58
114
136
93
81
102
76
45
132
133
130
86
105
95
103
103
111
94
89
106
99
90
134
125
116
106
137
111
118
71
63
74
122
66
135
90
99
115
98
107
100
111
93
109
124
94
48
120
105
78
129
52
131
68
48
68
91
128
68
133
42
64
118
80
78
74
59
107
49
139
71
66
43
93
61
61
126
45
137
95
53
120
131
101
90
57
48
83
43
138
86
121
74
110
48
48
116
48
65
58
72
118
138
63
101
128
59
138
95
73
73
96
123
89
68
112
74
136
72
139
139
98
87
69
105
124
93
117
84
114
139
49
124
69
129
88
76
90
50
135
120
74
42
138
47
72
45
41
91
59
137
53
114
91
97
69
132
87
85
79
91
124
108
83
68
77
55
85
129
70
127
43
107
116
114
86
109
84
102
137
59
49
52
83
57
119
79
111
64
51
134
69
102
51
129
63
73
103
111
132
80
1
8
6
8
5
3
10
2
9
5
5
9
2
3
9
5
7
8
4
2
6
9
6
5
3
7
7
5
7
2
5
1
5
7
7
8
6
9
2
2
6
2
2
10
1
8
7
4
5
5
6
8
3
7
6
7
3
10
7
6
4
3
2
7
4
5
10
1
6
7
6
1
7
6
4
4
3
7
7
1
7
3
1
1
6
3
1
6
7
2
1
5
10
5
1
3
7
7
5
1
8
3
7
7
9
6
2
1
1
3
2
4
9
5
4
6
1
9
8
1
6
4
6
7
4
1
3
10
10
4
8
10
4
10
4
1
3
6
2
2
9
4
4
8
5
7
8
2
10
5
7
2
3
9
3
6
8
8
9
5
3
1
7
6
1
6
7
1
8
3
5
5
5
1
6
1
7
7
3
7
4
2
8
6
6
6
5
9
10
10
9
2
3
8
8
10
3
2
9
3
10
8
10
10
1
1
7
5
3
6
4
6
2
10
8
9
5
10
2
10
9
8
10
7
10
6
7
5
8
5
5
9
7
6
2
5
10
9
9
8
4
5
6
8
8
6
2
4
4
8
10
7
6
4
5
1
3
5
10
9
