169
115
143
253
265
229
110
104
206
220
257
233
238
200
225
94
125
85
104
238
88
94
150
124
122
115
204
143
198
228
152
173
184
80
240
152
217
230
177
184
257
136
239
189
251
220
109
220
195
147
162
186
118
123
180
185
246
135
226
110
243
227
162
233
101
253
250
144
178
114
81
81
133
190
211
216
82
89
153
79
107
136
170
173
201
100
151
180
222
221
119
203
195
265
253
228
78
133
112
220
194
213
95
174
90
129
171
141
238
193
256
96
257
180
232
261
96
179
191
246
85
195
155
192
144
255
161
142
113
242
212
255
114
240
173
263
200
156
121
128
155
208
109
96
242
181
213
208
144
155
177
248
203
217
84
254
78
108
248
136
159
95
154
150
205
190
257
139
256
174
80
175
234
183
246
225
116
237
191
105
139
77
255
187
148
194
81
140
193
129
82
223
176
257
112
186
234
241
135
245
223
191
95
94
86
233
217
218
194
217
196
116
148
137
208
264
137
256
227
170
252
149
141
97
84
91
162
103
241
97
77
118
118
245
162
218
263
141
81
249
114
188
140
242
116
117
159
245
129
208
175
197
153
138
206
245
253
108
120
210
144
236
248
156
128
122
89
224
80
251
118
199
109
109
216
250
193
176
169
126
183
220
169
144
213
131
209
250
187
90
157
157
137
260
184
160
233
231
225
213
195
173
174
106
156
202
122
146
239
184
196
150
129
137
263
126
221
257
165
84
174
89
134
163
124
238
142
204
228
234
163
77
145
102
222
137
193
88
120
243
131
80
230
150
226
263
228
95
151
211
218
112
247
166
173
96
261
120
177
188
223
84
204
88
172
255
150
146
254
150
213
221
187
152
179
138
147
176
92
219
159
209
99
1
1
1
1
1
1
1
1
1
1
1
1
1
1
1
1
1
1
1
1
1
1
1
1
1
1
1
1
1
1
1
1
1
1
1
1
1
1
1
1
1
1
1
1
1
1
1
1
1
1
1
1
1
1
1
1
1
1
1
1
1
1
1
1
1
1
1
1
1
1
1
1
1
1
1
1
1
1
1
1
1
1
1
1
1
1
1
1
1
1
1
1
1
1
1
1
1
1
1
1
1
1
1
1
1
1
1
1
1
1
1
1
1
1
1
1
1
1
1
1
1
1
1
1
1
1
1
1
1
1
1
1
1
1
1
1
1
1
1
1
1
1
1
1
1
1
1
1
1
1
1
1
1
1
1
1
1
1
1
1
1
1
1
1
1
1
1
1
1
1
1
1
1
1
1
1
1
1
1
1
1
1
1
1
1
1
1
1
1
1
1
1
1
1
1
1
1
1
1
1
1
1
1
1
1
1
1
1
1
1
1
1
1
1
1
1
1
1
1
1
1
1
1
1
1
1
1
1
1
1
1
1
1
1
1
1
1
1
1
1
1
1
1
1
1
1
1
1
1
1
1
1
1
1
1
1
1
1
1
1
1
1
1
1
1
1
1
1
1
1
1
1
1
1
1
1
1
1
1
1
1
1
1
1
1
1
1
1
1
1
1
1
1
1
1
1
1
1
1
1
1
1
1
1
1
1
1
1
1
1
1
1
1
1
1
1
1
1
1
1
1
1
1
1
1
1
1
1
1
1
1
1
1
1
1
1
1
1
1
1
1
1
1
1
1
1
1
1
1
1
1
1
1
1
1
1
1
1
1
1
1
1
1
1
1
1
1
1
1
1
1
1
1
1
1
1
1
1
1
1
1
1
1
