63
114
117
55
102
136
88
67
86
127
65
59
46
76
101
66
120
127
76
138
47
99
50
120
80
109
57
94
59
44
89
78
84
41
138
41
101
102
137
92
68
118
95
48
84
107
136
120
90
69
59
106
93
43
112
66
118
77
113
129
74
94
110
46
103
61
85
99
108
48
134
110
46
83
111
51
58
106
54
88
44
90
102
85
125
64
112
72
136
103
88
125
74
107
118
49
128
137
59
115
57
49
128
56
99
58
81
45
113
112
107
84
110
81
114
121
78
46
86
114
90
107
106
74
52
74
104
93
110
87
77
100
76
88
139
42
56
138
92
138
91
73
120
107
65
90
129
98
78
75
136
52
75
60
118
106
95
102
126
73
50
87
82
104
94
64
57
71
89
80
55
80
128
51
91
43
130
121
97
132
51
53
44
124
41
99
94
83
92
103
119
64
91
75
137
112
134
77
46
126
117
96
99
47
63
113
88
59
77
46
94
74
118
87
55
63
81
118
128
101
127
102
87
125
127
47
130
42
116
43
42
80
109
62
80
55
125
139
53
109
119
87
115
110
101
95
92
76
134
70
132
91
81
131
106
103
98
60
67
45
59
82
50
84
79
109
73
52
46
114
95
130
122
131
81
59
114
105
48
61
91
68
45
122
131
133
126
128
92
127
78
108
75
127
50
76
86
132
75
121
50
137
103
44
95
122
130
74
69
55
87
97
84
85
123
91
52
60
66
112
139
125
112
55
79
121
93
80
41
82
106
81
61
113
130
55
95
66
125
47
77
87
47
51
92
50
48
135
113
72
118
56
123
87
45
138
74
114
103
101
93
69
106
82
97
59
106
56
125
125
50
95
45
61
136
69
47
58
119
121
86
138
49
139
69
106
70
50
69
65
73
131
49
65
139
110
77
98
130
120
136
124
112
82
74
138
134
86
121
56
65
53
133
139
92
130
53
135
105
113
65
45
71
46
54
99
89
86
114
65
75
108
127
43
136
94
66
95
96
120
137
56
127
68
117
64
56
81
93
86
88
87
58
130
132
104
105
62
62
65
118
104
84
62
41
125
75
60
117
114
44
72
65
124
76
139
99
112
119
127
59
131
81
67
48
113
71
53
43
102
90
135
96
69
73
110
69
71
99
139
123
89
74
129
116
93
99
72
131
90
136
87
65
100
65
76
123
87
67
118
57
126
118
122
54
120
129
65
50
43
100
127
74
121
55
62
57
48
110
108
69
115
128
67
73
84
45
80
77
62
73
114
83
104
123
83
90
132
113
123
69
59
95
53
57
123
126
126
96
135
139
122
61
114
92
55
91
131
47
74
92
53
118
138
103
60
98
110
103
83
54
65
56
97
122
78
56
116
100
62
88
64
44
124
53
123
95
123
75
53
118
87
54
86
98
72
49
83
58
128
90
67
58
57
93
98
138
102
56
130
60
92
137
98
100
57
87
88
74
131
127
115
131
86
41
96
83
82
94
118
42
102
41
82
97
48
104
60
125
57
131
104
61
125
92
66
107
100
106
61
42
121
96
48
76
70
129
128
114
117
65
69
109
123
44
137
120
73
62
41
88
109
59
89
131
55
52
49
86
66
46
108
81
118
78
135
65
72
95
135
105
116
128
101
42
126
84
52
47
50
85
54
47
60
111
42
69
57
57
92
79
101
139
103
48
132
115
126
137
62
109
82
41
95
105
138
43
71
45
53
66
82
41
79
52
45
58
131
48
94
100
99
51
87
118
127
66
61
99
125
48
139
135
41
77
57
56
64
137
58
105
79
139
57
42
50
70
131
63
134
108
111
116
134
88
139
111
74
135
81
65
99
78
44
42
92
47
94
93
119
76
119
42
79
103
46
49
63
91
125
91
138
66
139
94
117
98
109
41
45
127
58
95
70
126
45
87
128
46
74
73
107
123
124
126
105
65
104
67
71
128
68
100
138
108
93
61
132
113
80
129
50
83
139
121
123
116
49
130
51
51
57
102
89
73
73
129
124
100
73
52
87
116
126
48
41
94
71
96
118
83
71
94
110
116
58
121
102
96
97
127
69
105
81
131
86
137
101
116
113
60
77
103
86
109
112
87
61
52
57
125
77
82
135
52
55
115
130
118
111
130
62
128
101
124
76
58
77
52
81
53
55
67
126
70
99
87
65
69
120
86
117
118
67
107
63
112
122
134
60
84
108
107
53
82
80
98
48
128
102
73
115
97
43
113
112
46
119
47
61
138
57
70
106
95
107
75
73
87
63
107
129
135
119
137
112
136
139
86
93
134
61
79
47
108
80
67
114
71
96
112
110
44
109
51
59
120
78
125
122
80
132
132
111
137
121
55
119
131
129
120
89
114
109
69
45
41
81
64
94
134
41
126
59
120
131
46
96
108
116
118
102
93
99
84
59
102
58
112
85
108
106
105
101
55
67
69
118
43
64
113
99
70
123
54
85
109
86
46
124
115
119
139
138
128
138
108
110
88
125
88
56
100
137
115
74
88
110
120
112
7
1
8
4
8
3
1
1
9
6
10
10
2
10
6
7
10
4
10
4
5
8
6
7
6
3
7
8
3
5
9
9
3
9
1
8
8
2
7
7
7
8
5
1
8
6
2
4
4
10
7
3
10
1
8
1
7
4
8
4
1
1
6
10
2
2
3
3
3
1
6
2
9
9
2
3
8
6
6
1
2
3
1
9
8
3
1
10
8
4
1
7
3
4
10
3
10
4
4
4
5
7
7
6
5
1
3
3
6
4
10
6
8
9
10
5
7
4
5
3
1
6
7
10
9
6
3
9
10
10
3
4
8
1
7
4
1
2
7
8
6
7
4
10
1
7
4
7
6
8
2
2
2
1
7
4
9
9
8
5
9
10
1
10
6
7
6
3
5
9
8
1
9
4
9
8
2
9
3
8
6
7
1
3
5
3
8
7
4
7
9
7
5
6
4
1
9
7
10
9
9
3
2
7
4
3
7
1
7
3
9
9
7
3
7
2
4
5
9
8
3
6
2
6
8
2
8
5
9
1
5
7
5
2
6
7
5
6
7
6
1
5
10
3
2
8
8
8
8
7
4
6
3
2
8
10
7
2
6
7
10
7
2
9
1
5
8
6
8
4
6
8
5
1
6
9
5
4
2
7
4
9
1
2
1
4
4
10
3
4
8
9
10
4
8
1
4
8
2
4
4
1
5
10
9
4
9
8
1
9
5
3
9
7
5
9
7
8
6
8
8
2
6
1
1
6
9
10
9
3
9
8
7
4
6
9
1
2
1
8
3
10
4
9
7
1
8
4
7
1
9
7
7
1
10
10
4
3
9
1
8
6
6
3
7
1
10
6
1
8
5
6
6
7
1
9
10
1
4
8
8
4
6
4
5
7
5
3
6
2
6
2
6
5
9
2
4
1
6
7
6
1
10
8
6
8
10
4
5
9
4
9
7
1
8
10
7
6
6
8
4
7
1
4
4
10
10
4
1
2
2
9
4
9
9
3
1
9
4
7
1
9
6
2
6
10
7
4
7
10
5
5
10
10
8
9
2
6
3
4
1
8
6
5
5
6
4
3
1
8
8
6
3
7
7
1
2
5
2
2
9
7
6
7
10
5
7
3
3
3
2
1
6
1
9
10
8
8
9
3
2
5
4
9
1
8
9
8
10
10
1
1
7
1
9
2
1
7
1
5
9
8
4
6
10
8
9
7
5
9
7
6
4
4
2
9
7
4
10
8
4
2
8
6
3
6
1
3
2
6
1
4
9
8
6
4
3
5
10
1
9
6
4
4
8
6
1
6
1
3
9
2
4
7
4
2
9
7
1
10
8
8
3
9
10
3
4
9
10
9
7
1
3
6
8
8
5
5
3
3
7
5
6
5
9
4
5
2
6
1
8
9
9
8
5
3
8
9
2
10
9
1
3
1
3
5
8
6
8
1
8
1
1
6
5
4
5
5
1
9
3
6
1
4
9
2
5
8
4
1
5
8
8
1
10
6
8
8
6
1
9
10
4
9
5
10
1
7
6
1
9
4
1
3
3
7
8
2
5
2
1
6
3
4
4
5
8
9
5
3
7
9
8
2
8
4
3
3
1
2
6
6
7
8
2
4
9
3
8
4
7
4
5
8
6
7
10
3
9
3
5
2
7
9
6
5
5
5
9
2
2
1
4
6
9
10
10
1
10
3
9
4
1
2
5
6
5
2
6
5
7
9
8
5
10
4
6
7
3
9
4
7
7
7
6
6
8
4
2
10
9
10
8
3
3
7
3
2
6
10
5
8
9
10
10
6
3
3
3
8
2
9
5
2
1
10
9
6
8
9
5
6
6
10
8
6
7
4
2
10
5
5
7
7
2
3
10
9
2
1
5
6
4
3
9
3
1
2
8
3
8
10
2
9
1
6
6
1
1
2
9
6
9
2
5
8
6
2
3
1
2
8
6
10
2
4
6
10
4
3
2
6
10
8
5
6
5
3
8
5
6
6
6
10
9
6
6
2
7
10
10
8
3
9
10
4
2
2
2
7
9
10
9
7
2
2
4
2
2
10
7
8
3
2
6
6
9
10
2
1
5
5
9
4
7
4
4
2
2
3
4
10
4
1
7
1
7
3
7
5
4
2
3
10
4
3
3
10
3
5
10
1
7
6
6
3
3
7
6
6
1
7
9
7
9
5
4
7
7
6
6
2
10
7
9
7
9
9
6
10
3
4
9
10
4
7
9
2
1
5
2
8
8
10
2
3
10
6
4
10
1
2
9
6
8
6
8
1
9
7
6
3
3
6
9
6
7
1
2
4
7
9
8
4
5
7
7
6
8
9
7
9
5
5
4
10
6
3
4
8
8
7
8
1
8
10
7
9
1
3
5
6
9
5
9
10
8
3
2
1
10
7
4
4
7
2
9
5
9
3
4
7
8
8
6
4
3
7
6
2
7
5
5
3
4
1
1
7
10
5
9
1
3
7
6
4
4
5
2
9
2
6
4
4
4
7
4
6
4
3
