1
10
4
10
8
10
6
10
2
4
9
8
8
8
7
4
4
9
8
7
9
9
7
9
10
11
10
9
2
3
11
10
1
5
8
5
1
5
6
10
10
10
11
1
6
7
8
4
4
10
4
7
10
8
4
3
7
8
3
2
6
8
7
6
6
4
9
2
9
9
5
5
4
1
7
5
8
9
1
10
6
11
9
4
10
9
6
9
4
10
10
6
6
1
6
1
1
1
1
1
1
1
1
1
1
1
1
1
1
1
1
1
1
1
1
1
1
1
1
1
1
1
1
1
1
1
1
1
1
1
1
1
1
1
1
1
1
1
1
1
1
1
1
1
1
1
1
1
1
1
1
1
1
1
1
1
1
1
1
1
1
1
1
1
1
1
1
1
1
1
1
1
1
1
1
1
1
1
1
1
1
1
1
1
1
1
1
1
1
1
